0.000000 0.000000 0.100000 0.000000 0.100000 0.0000000000 0.000000 0.0000000000
0.100000 0.000000 0.200000 0.000000 0.200000 0.0100000000 0.100000 0.0100000000
0.200000 0.000000 0.300000 0.000000 0.300000 0.0400000000 0.200000 0.0400000000
0.300000 0.000000 0.400000 0.000000 0.400000 0.0900000000 0.300000 0.0900000000
0.400000 0.000000 0.500000 0.000000 0.500000 0.1600000000 0.400000 0.1600000000
0.500000 0.000000 0.600000 0.000000 0.600000 0.2500000000 0.500000 0.2500000000
0.600000 0.000000 0.700000 0.000000 0.700000 0.3600000000 0.600000 0.3600000000
0.700000 0.000000 0.800000 0.000000 0.800000 0.4900000000 0.700000 0.4900000000
0.800000 0.000000 0.900000 0.000000 0.900000 0.6399999998 0.800000 0.6399999998
0.900000 0.000000 1.000000 0.000000 1.000000 0.8100000000 0.900000 0.8100000000
1.000000 0.000000 1.100000 0.000000 1.100000 0.9999999998 1.000000 0.9999999998
1.100000 0.000000 1.200000 0.000000 1.200000 1.2099999997 1.100000 1.2099999997
1.200000 0.000000 1.300000 0.000000 1.300000 1.4399999997 1.200000 1.4399999997
1.300000 0.000000 1.400000 0.000000 1.400000 1.6900000000 1.300000 1.6900000000
1.400000 0.000000 1.500000 0.000000 1.500000 1.9600000000 1.400000 1.9600000000
1.500000 0.000000 1.600000 0.000000 1.600000 2.2500000000 1.500000 2.2500000000
1.600000 0.000000 1.700000 0.000000 1.700000 2.5600000000 1.600000 2.5600000000
1.700000 0.000000 1.800000 0.000000 1.800000 2.8900000000 1.700000 2.8900000000
1.800000 0.000000 1.900000 0.000000 1.900000 3.2400000000 1.800000 3.2400000000
1.900000 0.000000 2.000000 0.000000 2.000000 3.6100000000 1.900000 3.6100000000
2.000000 0.000000 2.100000 0.000000 2.100000 4.0000000000 2.000000 4.0000000000
2.100000 0.000000 2.200000 0.000000 2.200000 4.4100000000 2.100000 4.4100000000
2.200000 0.000000 2.300000 0.000000 2.300000 4.8400000000 2.200000 4.8400000000
2.300000 0.000000 2.400000 0.000000 2.400000 5.2900000000 2.300000 5.2900000000
2.400000 0.000000 2.500000 0.000000 2.500000 5.7600000000 2.400000 5.7600000000
2.500000 0.000000 2.600000 0.000000 2.600000 6.2500000000 2.500000 6.2500000000
2.600000 0.000000 2.700000 0.000000 2.700000 6.7600000000 2.600000 6.7600000000
2.700000 0.000000 2.800000 0.000000 2.800000 7.2900000000 2.700000 7.2900000000
2.800000 0.000000 2.900000 0.000000 2.900000 7.8400000000 2.800000 7.8400000000
2.900000 0.000000 3.000000 0.000000 3.000000 8.4100000000 2.900000 8.4100000000
3.000000 0.000000 3.100000 0.000000 3.100000 9.0000000000 3.000000 9.0000000000
3.100000 0.000000 3.200000 0.000000 3.200000 9.6100000000 3.100000 9.6100000000
3.200000 0.000000 3.300000 0.000000 3.300000 10.2400000000 3.200000 10.2400000000
3.300000 0.000000 3.400000 0.000000 3.400000 10.8900000000 3.300000 10.8900000000
3.400000 0.000000 3.500000 0.000000 3.500000 11.5600000000 3.400000 11.5600000000
3.500000 0.000000 3.600000 0.000000 3.600000 12.2500000000 3.500000 12.2500000000
3.600000 0.000000 3.700000 0.000000 3.700000 12.9600000000 3.600000 12.9600000000
3.700000 0.000000 3.800000 0.000000 3.800000 13.6900000000 3.700000 13.6900000000
3.800000 0.000000 3.900000 0.000000 3.900000 14.4400000000 3.800000 14.4400000000
3.900000 0.000000 4.000000 0.000000 4.000000 15.2100000000 3.900000 15.2100000000
4.000000 0.000000 4.100000 0.000000 4.100000 16.0000000000 4.000000 16.0000000000
4.100000 0.000000 4.200000 0.000000 4.200000 16.8100000000 4.100000 16.8100000000
4.200000 0.000000 4.300000 0.000000 4.300000 17.6400000000 4.200000 17.6400000000
4.300000 0.000000 4.400000 0.000000 4.400000 18.4900000000 4.300000 18.4900000000
4.400000 0.000000 4.500000 0.000000 4.500000 19.3600000000 4.400000 19.3600000000
4.500000 0.000000 4.600000 0.000000 4.600000 20.2500000000 4.500000 20.2500000000
4.600000 0.000000 4.700000 0.000000 4.700000 21.1599999990 4.600000 21.1599999990
4.700000 0.000000 4.800000 0.000000 4.800000 22.0899999990 4.700000 22.0899999990
4.800000 0.000000 4.900000 0.000000 4.900000 23.0399999990 4.800000 23.0399999990
4.900000 0.000000 5.000000 0.000000 5.000000 24.0099999990 4.900000 24.0099999990
5.000000 0.000000 5.100000 0.000000 5.100000 24.9999999990 5.000000 24.9999999990
5.100000 0.000000 5.200000 0.000000 5.200000 26.0099999989 5.100000 26.0099999989
5.200000 0.000000 5.300000 0.000000 5.300000 27.0399999989 5.200000 27.0399999989
5.300000 0.000000 5.400000 0.000000 5.400000 28.0899999989 5.300000 28.0899999989
5.400000 0.000000 5.500000 0.000000 5.500000 29.1599999989 5.400000 29.1599999989
5.500000 0.000000 5.600000 0.000000 5.600000 30.2499999989 5.500000 30.2499999989
5.600000 0.000000 5.700000 0.000000 5.700000 31.3599999988 5.600000 31.3599999988
5.700000 0.000000 5.800000 0.000000 5.800000 32.4899999988 5.700000 32.4899999988
5.800000 0.000000 5.900000 0.000000 5.900000 33.6399999988 5.800000 33.6399999988
5.900000 0.000000 6.000000 0.000000 6.000000 34.8099999988 5.900000 34.8099999988
6.000000 0.000000 6.100000 0.000000 6.100000 35.9999999988 6.000000 35.9999999988
6.100000 0.000000 6.200000 0.000000 6.200000 37.2099999987 6.100000 37.2099999987
6.200000 0.000000 6.300000 0.000000 6.300000 38.4399999987 6.200000 38.4399999987
6.300000 0.000000 6.400000 0.000000 6.400000 39.6899999987 6.300000 39.6899999987
6.400000 0.000000 6.500000 0.000000 6.500000 40.9599999987 6.400000 40.9599999987
6.500000 0.000000 6.600000 0.000000 6.600000 42.2499999987 6.500000 42.2499999987
6.600000 0.000000 6.700000 0.000000 6.700000 43.5599999986 6.600000 43.5599999986
6.700000 0.000000 6.800000 0.000000 6.800000 44.8899999986 6.700000 44.8899999986
6.800000 0.000000 6.900000 0.000000 6.900000 46.2399999986 6.800000 46.2399999986
6.900000 0.000000 7.000000 0.000000 7.000000 47.6099999986 6.900000 47.6099999986
7.000000 0.000000 7.100000 0.000000 7.100000 48.9999999986 7.000000 48.9999999986
7.100000 0.000000 7.200000 0.000000 7.200000 50.4099999985 7.100000 50.4099999985
7.200000 0.000000 7.300000 0.000000 7.300000 51.8399999985 7.200000 51.8399999985
7.300000 0.000000 7.400000 0.000000 7.400000 53.2899999985 7.300000 53.2899999985
7.400000 0.000000 7.500000 0.000000 7.500000 54.7599999985 7.400000 54.7599999985
7.500000 0.000000 7.600000 0.000000 7.600000 56.2499999985 7.500000 56.2499999985
7.600000 0.000000 7.700000 0.000000 7.700000 57.7599999984 7.600000 57.7599999984
7.700000 0.000000 7.800000 0.000000 7.800000 59.2899999984 7.700000 59.2899999984
7.800000 0.000000 7.900000 0.000000 7.900000 60.8399999984 7.800000 60.8399999984
7.900000 0.000000 8.000000 0.000000 8.000000 62.4099999984 7.900000 62.4099999984
8.000000 0.000000 8.100000 0.000000 8.100000 63.9999999984 8.000000 63.9999999984
8.100000 0.000000 8.200000 0.000000 8.200000 65.6099999983 8.100000 65.6099999983
8.200000 0.000000 8.300000 0.000000 8.300000 67.2399999983 8.200000 67.2399999983
8.300000 0.000000 8.400000 0.000000 8.400000 68.8899999983 8.300000 68.8899999983
8.400000 0.000000 8.500000 0.000000 8.500000 70.5599999983 8.400000 70.5599999983
8.500000 0.000000 8.600000 0.000000 8.600000 72.2499999983 8.500000 72.2499999983
8.600000 0.000000 8.700000 0.000000 8.700000 73.9599999982 8.600000 73.9599999982
8.700000 0.000000 8.800000 0.000000 8.800000 75.6899999982 8.700000 75.6899999982
8.800000 0.000000 8.900000 0.000000 8.900000 77.4399999982 8.800000 77.4399999982
8.900000 0.000000 9.000000 0.000000 9.000000 79.2099999982 8.900000 79.2099999982
9.000000 0.000000 9.100000 0.000000 9.100000 80.9999999982 9.000000 80.9999999982
9.100000 0.000000 9.200000 0.000000 9.200000 82.8099999981 9.100000 82.8099999981
9.200000 0.000000 9.300000 0.000000 9.300000 84.6399999981 9.200000 84.6399999981
9.300000 0.000000 9.400000 0.000000 9.400000 86.4899999981 9.300000 86.4899999981
9.400000 0.000000 9.500000 0.000000 9.500000 88.3599999981 9.400000 88.3599999981
9.500000 0.000000 9.600000 0.000000 9.600000 90.2499999981 9.500000 90.2499999981
9.600000 0.000000 9.700000 0.000000 9.700000 92.1599999980 9.600000 92.1599999980
9.700000 0.000000 9.800000 0.000000 9.800000 94.0899999980 9.700000 94.0899999980
9.800000 0.000000 9.900000 0.000000 9.900000 96.0399999980 9.800000 96.0399999980
9.900000 0.000000 10.000000 0.000000 10.000000 98.0099999980 9.900000 98.0099999980
10.000000 0.000000 10.100000 0.000000 10.100000 99.9999999980 10.000000 99.9999999980
10.100000 0.000000 10.200000 0.000000 10.200000 102.0099999979 10.100000 102.0099999979
10.200000 0.000000 10.300000 0.000000 10.300000 104.0399999979 10.200000 104.0399999979
10.300000 0.000000 10.400000 0.000000 10.400000 106.0899999979 10.300000 106.0899999979
10.400000 0.000000 10.500000 0.000000 10.500000 108.1599999979 10.400000 108.1599999979
10.500000 0.000000 10.600000 0.000000 10.600000 110.2499999979 10.500000 110.2499999979
10.600000 0.000000 10.700000 0.000000 10.700000 112.3599999978 10.600000 112.3599999978
10.700000 0.000000 10.800000 0.000000 10.800000 114.4899999978 10.700000 114.4899999978
10.800000 0.000000 10.900000 0.000000 10.900000 116.6399999978 10.800000 116.6399999978
10.900000 0.000000 11.000000 0.000000 11.000000 118.8099999978 10.900000 118.8099999978
11.000000 0.000000 11.100000 0.000000 11.100000 120.9999999978 11.000000 120.9999999978
11.100000 0.000000 11.200000 0.000000 11.200000 123.2099999977 11.100000 123.2099999977
11.200000 0.000000 11.300000 0.000000 11.300000 125.4399999977 11.200000 125.4399999977
11.300000 0.000000 11.400000 0.000000 11.400000 127.6899999977 11.300000 127.6899999977
11.400000 0.000000 11.500000 0.000000 11.500000 129.9599999977 11.400000 129.9599999977
11.500000 0.000000 11.600000 0.000000 11.600000 132.2499999977 11.500000 132.2499999977
11.600000 0.000000 11.700000 0.000000 11.700000 134.5599999976 11.600000 134.5599999976
11.700000 0.000000 11.800000 0.000000 11.800000 136.8899999976 11.700000 136.8899999976
11.800000 0.000000 11.900000 0.000000 11.900000 139.2399999976 11.800000 139.2399999976
11.900000 0.000000 12.000000 0.000000 12.000000 141.6099999976 11.900000 141.6099999976
12.000000 0.000000 12.100000 0.000000 12.100000 143.9999999976 12.000000 143.9999999976
12.100000 0.000000 12.200000 0.000000 12.200000 146.4099999975 12.100000 146.4099999975
12.200000 0.000000 12.300000 0.000000 12.300000 148.8399999975 12.200000 148.8399999975
12.300000 0.000000 12.400000 0.000000 12.400000 151.2899999975 12.300000 151.2899999975
12.400000 0.000000 12.500000 0.000000 12.500000 153.7599999975 12.400000 153.7599999975
12.500000 0.000000 12.600000 0.000000 12.600000 156.2499999975 12.500000 156.2499999975
12.600000 0.000000 12.700000 0.000000 12.700000 158.7599999974 12.600000 158.7599999974
12.700000 0.000000 12.800000 0.000000 12.800000 161.2899999974 12.700000 161.2899999974
12.800000 0.000000 12.900000 0.000000 12.900000 163.8399999974 12.800000 163.8399999974
12.900000 0.000000 13.000000 0.000000 13.000000 166.4099999974 12.900000 166.4099999974
13.000000 0.000000 13.100000 0.000000 13.100000 168.9999999974 13.000000 168.9999999974
13.100000 0.000000 13.200000 0.000000 13.200000 171.6099999973 13.100000 171.6099999973
13.200000 0.000000 13.300000 0.000000 13.300000 174.2399999973 13.200000 174.2399999973
13.300000 0.000000 13.400000 0.000000 13.400000 176.8899999973 13.300000 176.8899999973
13.400000 0.000000 13.500000 0.000000 13.500000 179.5599999973 13.400000 179.5599999973
13.500000 0.000000 13.600000 0.000000 13.600000 182.2499999973 13.500000 182.2499999973
13.600000 0.000000 13.700000 0.000000 13.700000 184.9599999972 13.600000 184.9599999972
13.700000 0.000000 13.800000 0.000000 13.800000 187.6899999972 13.700000 187.6899999972
13.800000 0.000000 13.900000 0.000000 13.900000 190.4399999972 13.800000 190.4399999972
13.900000 0.000000 14.000000 0.000000 14.000000 193.2099999972 13.900000 193.2099999972
14.000000 0.000000 14.100000 0.000000 14.100000 195.9999999972 14.000000 195.9999999972
14.100000 0.000000 14.200000 0.000000 14.200000 198.8099999971 14.100000 198.8099999971
14.200000 0.000000 14.300000 0.000000 14.300000 201.6399999971 14.200000 201.6399999971
14.300000 0.000000 14.400000 0.000000 14.400000 204.4899999971 14.300000 204.4899999971
14.400000 0.000000 14.500000 0.000000 14.500000 207.3599999971 14.400000 207.3599999971
14.500000 0.000000 14.600000 0.000000 14.600000 210.2499999971 14.500000 210.2499999971
14.600000 0.000000 14.700000 0.000000 14.700000 213.1599999970 14.600000 213.1599999970
14.700000 0.000000 14.800000 0.000000 14.800000 216.0899999970 14.700000 216.0899999970
14.800000 0.000000 14.900000 0.000000 14.900000 219.0399999970 14.800000 219.0399999970
14.900000 0.000000 15.000000 0.000000 15.000000 222.0099999970 14.900000 222.0099999970
15.000000 0.000000 15.100000 0.000000 15.100000 224.9999999970 15.000000 224.9999999970
15.100000 0.000000 15.200000 0.000000 15.200000 228.0099999969 15.100000 228.0099999969
15.200000 0.000000 15.300000 0.000000 15.300000 231.0399999969 15.200000 231.0399999969
15.300000 0.000000 15.400000 0.000000 15.400000 234.0899999969 15.300000 234.0899999969
15.400000 0.000000 15.500000 0.000000 15.500000 237.1599999969 15.400000 237.1599999969
15.500000 0.000000 15.600000 0.000000 15.600000 240.2499999969 15.500000 240.2499999969
15.600000 0.000000 15.700000 0.000000 15.700000 243.3599999968 15.600000 243.3599999968
15.700000 0.000000 15.800000 0.000000 15.800000 246.4899999968 15.700000 246.4899999968
15.800000 0.000000 15.900000 0.000000 15.900000 249.6399999968 15.800000 249.6399999968
15.900000 0.000000 16.000000 0.000000 16.000000 252.8099999968 15.900000 252.8099999968
16.000000 0.000000 16.100000 0.000000 16.100000 255.9999999968 16.000000 255.9999999968
16.100000 0.000000 16.200000 0.000000 16.200000 259.2099999967 16.100000 259.2099999967
16.200000 0.000000 16.300000 0.000000 16.300000 262.4399999967 16.200000 262.4399999967
16.300000 0.000000 16.400000 0.000000 16.400000 265.6899999967 16.300000 265.6899999967
16.400000 0.000000 16.500000 0.000000 16.500000 268.9599999967 16.400000 268.9599999967
16.500000 0.000000 16.600000 0.000000 16.600000 272.2499999967 16.500000 272.2499999967
16.600000 0.000000 16.700000 0.000000 16.700000 275.5599999966 16.600000 275.5599999966
16.700000 0.000000 16.800000 0.000000 16.800000 278.8899999966 16.700000 278.8899999966
16.800000 0.000000 16.900000 0.000000 16.900000 282.2399999966 16.800000 282.2399999966
16.900000 0.000000 17.000000 0.000000 17.000000 285.6099999966 16.900000 285.6099999966
17.000000 0.000000 17.100000 0.000000 17.100000 288.9999999966 17.000000 288.9999999966
17.100000 0.000000 17.200000 0.000000 17.200000 292.4099999965 17.100000 292.4099999965
17.200000 0.000000 17.300000 0.000000 17.300000 295.8399999965 17.200000 295.8399999965
17.300000 0.000000 17.400000 0.000000 17.400000 299.2899999965 17.300000 299.2899999965
17.400000 0.000000 17.500000 0.000000 17.500000 302.7599999965 17.400000 302.7599999965
17.500000 0.000000 17.600000 0.000000 17.600000 306.2499999965 17.500000 306.2499999965
17.600000 0.000000 17.700000 0.000000 17.700000 309.7599999964 17.600000 309.7599999964
17.700000 0.000000 17.800000 0.000000 17.800000 313.2899999964 17.700000 313.2899999964
17.800000 0.000000 17.900000 0.000000 17.900000 316.8399999964 17.800000 316.8399999964
17.900000 0.000000 18.000000 0.000000 18.000000 320.4099999964 17.900000 320.4099999964
18.000000 0.000000 18.100000 0.000000 18.100000 323.9999999964 18.000000 323.9999999964
18.100000 0.000000 18.200000 0.000000 18.200000 327.6099999963 18.100000 327.6099999963
18.200000 0.000000 18.300000 0.000000 18.300000 331.2399999963 18.200000 331.2399999963
18.300000 0.000000 18.400000 0.000000 18.400000 334.8899999963 18.300000 334.8899999963
18.400000 0.000000 18.500000 0.000000 18.500000 338.5599999963 18.400000 338.5599999963
18.500000 0.000000 18.600000 0.000000 18.600000 342.2499999963 18.500000 342.2499999963
18.600000 0.000000 18.700000 0.000000 18.700000 345.9599999962 18.600000 345.9599999962
18.700000 0.000000 18.800000 0.000000 18.800000 349.6899999962 18.700000 349.6899999962
18.800000 0.000000 18.900000 0.000000 18.900000 353.4399999962 18.800000 353.4399999962
18.900000 0.000000 19.000000 0.000000 19.000000 357.2099999962 18.900000 357.2099999962
19.000000 0.000000 19.100000 0.000000 19.100000 361.0000000000 19.000000 361.0000000000
19.100000 0.000000 19.200000 0.000000 19.200000 364.8100000000 19.100000 364.8100000000
19.200000 0.000000 19.300000 0.000000 19.300000 368.6400000000 19.200000 368.6400000000
19.300000 0.000000 19.400000 0.000000 19.400000 372.4900000000 19.300000 372.4900000000
19.400000 0.000000 19.500000 0.000000 19.500000 376.3600000000 19.400000 376.3600000000
19.500000 0.000000 19.600000 0.000000 19.600000 380.2500000000 19.500000 380.2500000000
19.600000 0.000000 19.700000 0.000000 19.700000 384.1600000000 19.600000 384.1600000000
19.700000 0.000000 19.800000 0.000000 19.800000 388.0900000000 19.700000 388.0900000000
19.800000 0.000000 19.900000 0.000000 19.900000 392.0400000000 19.800000 392.0400000000
19.900000 0.000000 20.000000 0.000000 20.000000 396.0100000000 19.900000 396.0100000000
20.000000 0.000000 20.100000 0.000000 20.100000 400.0000000000 20.000000 400.0000000000
20.100000 0.000000 20.200000 0.000000 20.200000 404.0100000000 20.100000 404.0100000000
20.200000 0.000000 20.300000 0.000000 20.300000 408.0400000000 20.200000 408.0400000000
20.300000 0.000000 20.400000 0.000000 20.400000 412.0900000000 20.300000 412.0900000000
20.400000 0.000000 20.500000 0.000000 20.500000 416.1600000000 20.400000 416.1600000000
20.500000 0.000000 20.600000 0.000000 20.600000 420.2500000000 20.500000 420.2500000000
20.600000 0.000000 20.700000 0.000000 20.700000 424.3600000000 20.600000 424.3600000000
20.700000 0.000000 20.800000 0.000000 20.800000 428.4900000000 20.700000 428.4900000000
20.800000 0.000000 20.900000 0.000000 20.900000 432.6400000000 20.800000 432.6400000000
20.900000 0.000000 21.000000 0.000000 21.000000 436.8100000000 20.900000 436.8100000000
21.000000 0.000000 21.100000 0.000000 21.100000 441.0000000000 21.000000 441.0000000000
21.100000 0.000000 21.200000 0.000000 21.200000 445.2100000000 21.100000 445.2100000000
21.200000 0.000000 21.300000 0.000000 21.300000 449.4400000000 21.200000 449.4400000000
21.300000 0.000000 21.400000 0.000000 21.400000 453.6900000000 21.300000 453.6900000000
21.400000 0.000000 21.500000 0.000000 21.500000 457.9600000000 21.400000 457.9600000000
21.500000 0.000000 21.600000 0.000000 21.600000 462.2500000000 21.500000 462.2500000000
21.600000 0.000000 21.700000 0.000000 21.700000 466.5600000000 21.600000 466.5600000000
21.700000 0.000000 21.800000 0.000000 21.800000 470.8900000000 21.700000 470.8900000000
21.800000 0.000000 21.900000 0.000000 21.900000 475.2400000000 21.800000 475.2400000000
21.900000 0.000000 22.000000 0.000000 22.000000 479.6100000000 21.900000 479.6100000000
22.000000 0.000000 22.100000 0.000000 22.100000 484.0000000000 22.000000 484.0000000000
22.100000 0.000000 22.200000 0.000000 22.200000 488.4100000000 22.100000 488.4100000000
22.200000 0.000000 22.300000 0.000000 22.300000 492.8400000000 22.200000 492.8400000000
22.300000 0.000000 22.400000 0.000000 22.400000 497.2900000000 22.300000 497.2900000000
22.400000 0.000000 22.500000 0.000000 22.500000 501.7600000000 22.400000 501.7600000000
22.500000 0.000000 22.600000 0.000000 22.600000 506.2500000000 22.500000 506.2500000000
22.600000 0.000000 22.700000 0.000000 22.700000 510.7600000000 22.600000 510.7600000000
22.700000 0.000000 22.800000 0.000000 22.800000 515.2900000000 22.700000 515.2900000000
22.800000 0.000000 22.900000 0.000000 22.900000 519.8400000000 22.800000 519.8400000000
22.900000 0.000000 23.000000 0.000000 23.000000 524.4100000000 22.900000 524.4100000000
23.000000 0.000000 23.100000 0.000000 23.100000 529.0000000000 23.000000 529.0000000000
23.100000 0.000000 23.200000 0.000000 23.200000 533.6100000000 23.100000 533.6100000000
23.200000 0.000000 23.300000 0.000000 23.300000 538.2400000000 23.200000 538.2400000000
23.300000 0.000000 23.400000 0.000000 23.400000 542.8900000000 23.300000 542.8900000000
23.400000 0.000000 23.500000 0.000000 23.500000 547.5600000000 23.400000 547.5600000000
23.500000 0.000000 23.600000 0.000000 23.600000 552.2500000000 23.500000 552.2500000000
23.600000 0.000000 23.700000 0.000000 23.700000 556.9600000000 23.600000 556.9600000000
23.700000 0.000000 23.800000 0.000000 23.800000 561.6900000000 23.700000 561.6900000000
23.800000 0.000000 23.900000 0.000000 23.900000 566.4400000000 23.800000 566.4400000000
23.900000 0.000000 24.000000 0.000000 24.000000 571.2100000000 23.900000 571.2100000000
24.000000 0.000000 24.100000 0.000000 24.100000 576.0000000000 24.000000 576.0000000000
24.100000 0.000000 24.200000 0.000000 24.200000 580.8100000000 24.100000 580.8100000000
24.200000 0.000000 24.300000 0.000000 24.300000 585.6400000000 24.200000 585.6400000000
24.300000 0.000000 24.400000 0.000000 24.400000 590.4900000000 24.300000 590.4900000000
24.400000 0.000000 24.500000 0.000000 24.500000 595.3600000000 24.400000 595.3600000000
24.500000 0.000000 24.600000 0.000000 24.600000 600.2500000000 24.500000 600.2500000000
24.600000 0.000000 24.700000 0.000000 24.700000 605.1600000000 24.600000 605.1600000000
24.700000 0.000000 24.800000 0.000000 24.800000 610.0900000000 24.700000 610.0900000000
24.800000 0.000000 24.900000 0.000000 24.900000 615.0400000000 24.800000 615.0400000000
24.900000 0.000000 25.000000 0.000000 25.000000 620.0100000000 24.900000 620.0100000000
25.000000 0.000000 25.100000 0.000000 25.100000 625.0000000000 25.000000 625.0000000000
25.100000 0.000000 25.200000 0.000000 25.200000 630.0100000000 25.100000 630.0100000000
25.200000 0.000000 25.300000 0.000000 25.300000 635.0400000000 25.200000 635.0400000000
25.300000 0.000000 25.400000 0.000000 25.400000 640.0900000000 25.300000 640.0900000000
25.400000 0.000000 25.500000 0.000000 25.500000 645.1600000000 25.400000 645.1600000000
25.500000 0.000000 25.600000 0.000000 25.600000 650.2500000000 25.500000 650.2500000000
25.600000 0.000000 25.700000 0.000000 25.700000 655.3600000000 25.600000 655.3600000000
25.700000 0.000000 25.800000 0.000000 25.800000 660.4900000000 25.700000 660.4900000000
25.800000 0.000000 25.900000 0.000000 25.900000 665.6400000000 25.800000 665.6400000000
25.900000 0.000000 26.000000 0.000000 26.000000 670.8100000000 25.900000 670.8100000000
26.000000 0.000000 26.100000 0.000000 26.100000 676.0000000000 26.000000 676.0000000000
26.100000 0.000000 26.200000 0.000000 26.200000 681.2100000000 26.100000 681.2100000000
26.200000 0.000000 26.300000 0.000000 26.300000 686.4400000000 26.200000 686.4400000000
26.300000 0.000000 26.400000 0.000000 26.400000 691.6900000000 26.300000 691.6900000000
26.400000 0.000000 26.500000 0.000000 26.500000 696.9600000000 26.400000 696.9600000000
26.500000 0.000000 26.600000 0.000000 26.600000 702.2500000000 26.500000 702.2500000000
26.600000 0.000000 26.700000 0.000000 26.700000 707.5600000000 26.600000 707.5600000000
26.700000 0.000000 26.800000 0.000000 26.800000 712.8900000000 26.700000 712.8900000000
26.800000 0.000000 26.900000 0.000000 26.900000 718.2400000000 26.800000 718.2400000000
26.900000 0.000000 27.000000 0.000000 27.000000 723.6100000000 26.900000 723.6100000000
27.000000 0.000000 27.100000 0.000000 27.100000 729.0000000000 27.000000 729.0000000000
27.100000 0.000000 27.200000 0.000000 27.200000 734.4100000000 27.100000 734.4100000000
27.200000 0.000000 27.300000 0.000000 27.300000 739.8400000000 27.200000 739.8400000000
27.300000 0.000000 27.400000 0.000000 27.400000 745.2900000000 27.300000 745.2900000000
27.400000 0.000000 27.500000 0.000000 27.500000 750.7600000000 27.400000 750.7600000000
27.500000 0.000000 27.600000 0.000000 27.600000 756.2500000000 27.500000 756.2500000000
27.600000 0.000000 27.700000 0.000000 27.700000 761.7600000000 27.600000 761.7600000000
27.700000 0.000000 27.800000 0.000000 27.800000 767.2900000000 27.700000 767.2900000000
27.800000 0.000000 27.900000 0.000000 27.900000 772.8400000000 27.800000 772.8400000000
27.900000 0.000000 28.000000 0.000000 28.000000 778.4100000000 27.900000 778.4100000000
28.000000 0.000000 28.100000 0.000000 28.100000 784.0000000000 28.000000 784.0000000000
28.100000 0.000000 28.200000 0.000000 28.200000 789.6100000000 28.100000 789.6100000000
28.200000 0.000000 28.300000 0.000000 28.300000 795.2400000000 28.200000 795.2400000000
28.300000 0.000000 28.400000 0.000000 28.400000 800.8900000000 28.300000 800.8900000000
28.400000 0.000000 28.500000 0.000000 28.500000 806.5600000000 28.400000 806.5600000000
28.500000 0.000000 28.600000 0.000000 28.600000 812.2500000000 28.500000 812.2500000000
28.600000 0.000000 28.700000 0.000000 28.700000 817.9600000000 28.600000 817.9600000000
28.700000 0.000000 28.800000 0.000000 28.800000 823.6900000000 28.700000 823.6900000000
28.800000 0.000000 28.900000 0.000000 28.900000 829.4400000000 28.800000 829.4400000000
28.900000 0.000000 29.000000 0.000000 29.000000 835.2100000000 28.900000 835.2100000000
29.000000 0.000000 29.100000 0.000000 29.100000 841.0000000000 29.000000 841.0000000000
29.100000 0.000000 29.200000 0.000000 29.200000 846.8100000000 29.100000 846.8100000000
29.200000 0.000000 29.300000 0.000000 29.300000 852.6400000000 29.200000 852.6400000000
29.300000 0.000000 29.400000 0.000000 29.400000 858.4900000000 29.300000 858.4900000000
29.400000 0.000000 29.500000 0.000000 29.500000 864.3600000000 29.400000 864.3600000000
29.500000 0.000000 29.600000 0.000000 29.600000 870.2500000000 29.500000 870.2500000000
29.600000 0.000000 29.700000 0.000000 29.700000 876.1600000000 29.600000 876.1600000000
29.700000 0.000000 29.800000 0.000000 29.800000 882.0900000000 29.700000 882.0900000000
29.800000 0.000000 29.900000 0.000000 29.900000 888.0400000000 29.800000 888.0400000000
29.900000 0.000000 30.000000 0.000000 30.000000 894.0100000000 29.900000 894.0100000000
30.000000 0.000000 30.100000 0.000000 30.100000 900.0000000000 30.000000 900.0000000000
30.100000 0.000000 30.200000 0.000000 30.200000 906.0100000000 30.100000 906.0100000000
30.200000 0.000000 30.300000 0.000000 30.300000 912.0400000000 30.200000 912.0400000000
30.300000 0.000000 30.400000 0.000000 30.400000 918.0900000000 30.300000 918.0900000000
30.400000 0.000000 30.500000 0.000000 30.500000 924.1600000000 30.400000 924.1600000000
30.500000 0.000000 30.600000 0.000000 30.600000 930.2500000000 30.500000 930.2500000000
30.600000 0.000000 30.700000 0.000000 30.700000 936.3600000000 30.600000 936.3600000000
30.700000 0.000000 30.800000 0.000000 30.800000 942.4900000000 30.700000 942.4900000000
30.800000 0.000000 30.900000 0.000000 30.900000 948.6400000000 30.800000 948.6400000000
30.900000 0.000000 31.000000 0.000000 31.000000 954.8100000000 30.900000 954.8100000000
31.000000 0.000000 31.100000 0.000000 31.100000 961.0000000000 31.000000 961.0000000000
31.100000 0.000000 31.200000 0.000000 31.200000 967.2100000000 31.100000 967.2100000000
31.200000 0.000000 31.300000 0.000000 31.300000 973.4400000000 31.200000 973.4400000000
31.300000 0.000000 31.400000 0.000000 31.400000 979.6900000000 31.300000 979.6900000000
31.400000 0.000000 31.500000 0.000000 31.500000 985.9600000000 31.400000 985.9600000000
31.500000 0.000000 31.600000 0.000000 31.600000 992.2500000000 31.500000 992.2500000000
31.600000 0.000000 31.700000 0.000000 31.700000 998.5600000000 31.600000 998.5600000000
31.700000 0.000000 31.800000 0.000000 31.800000 1004.8900000000 31.700000 1004.8900000000
31.800000 0.000000 31.900000 0.000000 31.900000 1011.2400000000 31.800000 1011.2400000000
31.900000 0.000000 32.000000 0.000000 32.000000 1017.6100000000 31.900000 1017.6100000000
32.000000 0.000000 32.100000 0.000000 32.100000 1024.0000000000 32.000000 1024.0000000000
32.100000 0.000000 32.200000 0.000000 32.200000 1030.4100000000 32.100000 1030.4100000000
32.200000 0.000000 32.300000 0.000000 32.300000 1036.8400000000 32.200000 1036.8400000000
32.300000 0.000000 32.400000 0.000000 32.400000 1043.2900000000 32.300000 1043.2900000000
32.400000 0.000000 32.500000 0.000000 32.500000 1049.7600000000 32.400000 1049.7600000000
32.500000 0.000000 32.600000 0.000000 32.600000 1056.2500000000 32.500000 1056.2500000000
32.600000 0.000000 32.700000 0.000000 32.700000 1062.7600000000 32.600000 1062.7600000000
32.700000 0.000000 32.800000 0.000000 32.800000 1069.2900000000 32.700000 1069.2900000000
32.800000 0.000000 32.900000 0.000000 32.900000 1075.8400000000 32.800000 1075.8400000000
32.900000 0.000000 33.000000 0.000000 33.000000 1082.4100000000 32.900000 1082.4100000000
33.000000 0.000000 33.100000 0.000000 33.100000 1089.0000000000 33.000000 1089.0000000000
33.100000 0.000000 33.200000 0.000000 33.200000 1095.6100000000 33.100000 1095.6100000000
33.200000 0.000000 33.300000 0.000000 33.300000 1102.2400000000 33.200000 1102.2400000000
33.300000 0.000000 33.400000 0.000000 33.400000 1108.8900000000 33.300000 1108.8900000000
33.400000 0.000000 33.500000 0.000000 33.500000 1115.5600000000 33.400000 1115.5600000000
33.500000 0.000000 33.600000 0.000000 33.600000 1122.2500000000 33.500000 1122.2500000000
33.600000 0.000000 33.700000 0.000000 33.700000 1128.9600000000 33.600000 1128.9600000000
33.700000 0.000000 33.800000 0.000000 33.800000 1135.6900000000 33.700000 1135.6900000000
33.800000 0.000000 33.900000 0.000000 33.900000 1142.4400000000 33.800000 1142.4400000000
33.900000 0.000000 34.000000 0.000000 34.000000 1149.2100000000 33.900000 1149.2100000000
34.000000 0.000000 34.100000 0.000000 34.100000 1156.0000000000 34.000000 1156.0000000000
34.100000 0.000000 34.200000 0.000000 34.200000 1162.8100000000 34.100000 1162.8100000000
34.200000 0.000000 34.300000 0.000000 34.300000 1169.6400000000 34.200000 1169.6400000000
34.300000 0.000000 34.400000 0.000000 34.400000 1176.4900000000 34.300000 1176.4900000000
34.400000 0.000000 34.500000 0.000000 34.500000 1183.3600000000 34.400000 1183.3600000000
34.500000 0.000000 34.600000 0.000000 34.600000 1190.2500000000 34.500000 1190.2500000000
34.600000 0.000000 34.700000 0.000000 34.700000 1197.1600000000 34.600000 1197.1600000000
34.700000 0.000000 34.800000 0.000000 34.800000 1204.0900000000 34.700000 1204.0900000000
34.800000 0.000000 34.900000 0.000000 34.900000 1211.0400000000 34.800000 1211.0400000000
34.900000 0.000000 35.000000 0.000000 35.000000 1218.0100000000 34.900000 1218.0100000000
35.000000 0.000000 35.100000 0.000000 35.100000 1225.0000000000 35.000000 1225.0000000000
35.100000 0.000000 35.200000 0.000000 35.200000 1232.0100000000 35.100000 1232.0100000000
35.200000 0.000000 35.300000 0.000000 35.300000 1239.0400000000 35.200000 1239.0400000000
35.300000 0.000000 35.400000 0.000000 35.400000 1246.0900000000 35.300000 1246.0900000000
35.400000 0.000000 35.500000 0.000000 35.500000 1253.1600000000 35.400000 1253.1600000000
35.500000 0.000000 35.600000 0.000000 35.600000 1260.2500000000 35.500000 1260.2500000000
35.600000 0.000000 35.700000 0.000000 35.700000 1267.3600000000 35.600000 1267.3600000000
35.700000 0.000000 35.800000 0.000000 35.800000 1274.4900000000 35.700000 1274.4900000000
35.800000 0.000000 35.900000 0.000000 35.900000 1281.6400000000 35.800000 1281.6400000000
35.900000 0.000000 36.000000 0.000000 36.000000 1288.8100000000 35.900000 1288.8100000000
36.000000 0.000000 36.100000 0.000000 36.100000 1296.0000000000 36.000000 1296.0000000000
36.100000 0.000000 36.200000 0.000000 36.200000 1303.2100000000 36.100000 1303.2100000000
36.200000 0.000000 36.300000 0.000000 36.300000 1310.4400000000 36.200000 1310.4400000000
36.300000 0.000000 36.400000 0.000000 36.400000 1317.6900000000 36.300000 1317.6900000000
36.400000 0.000000 36.500000 0.000000 36.500000 1324.9600000000 36.400000 1324.9600000000
36.500000 0.000000 36.600000 0.000000 36.600000 1332.2500000000 36.500000 1332.2500000000
36.600000 0.000000 36.700000 0.000000 36.700000 1339.5600000000 36.600000 1339.5600000000
36.700000 0.000000 36.800000 0.000000 36.800000 1346.8900000000 36.700000 1346.8900000000
36.800000 0.000000 36.900000 0.000000 36.900000 1354.2400000000 36.800000 1354.2400000000
36.900000 0.000000 37.000000 0.000000 37.000000 1361.6100000000 36.900000 1361.6100000000
37.000000 0.000000 37.100000 0.000000 37.100000 1369.0000000000 37.000000 1369.0000000000
37.100000 0.000000 37.200000 0.000000 37.200000 1376.4100000000 37.100000 1376.4100000000
37.200000 0.000000 37.300000 0.000000 37.300000 1383.8400000000 37.200000 1383.8400000000
37.300000 0.000000 37.400000 0.000000 37.400000 1391.2900000000 37.300000 1391.2900000000
37.400000 0.000000 37.500000 0.000000 37.500000 1398.7600000000 37.400000 1398.7600000000
37.500000 0.000000 37.600000 0.000000 37.600000 1406.2500000000 37.500000 1406.2500000000
37.600000 0.000000 37.700000 0.000000 37.700000 1413.7600000000 37.600000 1413.7600000000
37.700000 0.000000 37.800000 0.000000 37.800000 1421.2900000000 37.700000 1421.2900000000
37.800000 0.000000 37.900000 0.000000 37.900000 1428.8400000000 37.800000 1428.8400000000
37.900000 0.000000 38.000000 0.000000 38.000000 1436.4100000000 37.900000 1436.4100000000
38.000000 0.000000 38.100000 0.000000 38.100000 1444.0000000000 38.000000 1444.0000000000
38.100000 0.000000 38.200000 0.000000 38.200000 1451.6100000000 38.100000 1451.6100000000
38.200000 0.000000 38.300000 0.000000 38.300000 1459.2400000000 38.200000 1459.2400000000
38.300000 0.000000 38.400000 0.000000 38.400000 1466.8900000000 38.300000 1466.8900000000
38.400000 0.000000 38.500000 0.000000 38.500000 1474.5600000000 38.400000 1474.5600000000
38.500000 0.000000 38.600000 0.000000 38.600000 1482.2500000000 38.500000 1482.2500000000
38.600000 0.000000 38.700000 0.000000 38.700000 1489.9600000000 38.600000 1489.9600000000
38.700000 0.000000 38.800000 0.000000 38.800000 1497.6900000000 38.700000 1497.6900000000
38.800000 0.000000 38.900000 0.000000 38.900000 1505.4400000000 38.800000 1505.4400000000
38.900000 0.000000 39.000000 0.000000 39.000000 1513.2100000000 38.900000 1513.2100000000
39.000000 0.000000 39.100000 0.000000 39.100000 1521.0000000000 39.000000 1521.0000000000
39.100000 0.000000 39.200000 0.000000 39.200000 1528.8100000000 39.100000 1528.8100000000
39.200000 0.000000 39.300000 0.000000 39.300000 1536.6400000000 39.200000 1536.6400000000
39.300000 0.000000 39.400000 0.000000 39.400000 1544.4900000000 39.300000 1544.4900000000
39.400000 0.000000 39.500000 0.000000 39.500000 1552.3600000000 39.400000 1552.3600000000
39.500000 0.000000 39.600000 0.000000 39.600000 1560.2500000000 39.500000 1560.2500000000
39.600000 0.000000 39.700000 0.000000 39.700000 1568.1600000000 39.600000 1568.1600000000
39.700000 0.000000 39.800000 0.000000 39.800000 1576.0900000000 39.700000 1576.0900000000
39.800000 0.000000 39.900000 0.000000 39.900000 1584.0400000000 39.800000 1584.0400000000
39.900000 0.000000 40.000000 0.000000 40.000000 1592.0100000000 39.900000 1592.0100000000
40.000000 0.000000 40.100000 0.000000 40.100000 1600.0000000000 40.000000 1600.0000000000
40.100000 0.000000 40.200000 0.000000 40.200000 1608.0100000000 40.100000 1608.0100000000
40.200000 0.000000 40.300000 0.000000 40.300000 1616.0400000000 40.200000 1616.0400000000
40.300000 0.000000 40.400000 0.000000 40.400000 1624.0900000000 40.300000 1624.0900000000
40.400000 0.000000 40.500000 0.000000 40.500000 1632.1600000000 40.400000 1632.1600000000
40.500000 0.000000 40.600000 0.000000 40.600000 1640.2500000000 40.500000 1640.2500000000
40.600000 0.000000 40.700000 0.000000 40.700000 1648.3600000000 40.600000 1648.3600000000
40.700000 0.000000 40.800000 0.000000 40.800000 1656.4900000000 40.700000 1656.4900000000
40.800000 0.000000 40.900000 0.000000 40.900000 1664.6400000000 40.800000 1664.6400000000
40.900000 0.000000 41.000000 0.000000 41.000000 1672.8100000000 40.900000 1672.8100000000
41.000000 0.000000 41.100000 0.000000 41.100000 1681.0000000000 41.000000 1681.0000000000
41.100000 0.000000 41.200000 0.000000 41.200000 1689.2100000000 41.100000 1689.2100000000
41.200000 0.000000 41.300000 0.000000 41.300000 1697.4400000000 41.200000 1697.4400000000
41.300000 0.000000 41.400000 0.000000 41.400000 1705.6900000000 41.300000 1705.6900000000
41.400000 0.000000 41.500000 0.000000 41.500000 1713.9600000000 41.400000 1713.9600000000
41.500000 0.000000 41.600000 0.000000 41.600000 1722.2500000000 41.500000 1722.2500000000
41.600000 0.000000 41.700000 0.000000 41.700000 1730.5600000000 41.600000 1730.5600000000
41.700000 0.000000 41.800000 0.000000 41.800000 1738.8900000000 41.700000 1738.8900000000
41.800000 0.000000 41.900000 0.000000 41.900000 1747.2400000000 41.800000 1747.2400000000
41.900000 0.000000 42.000000 0.000000 42.000000 1755.6100000000 41.900000 1755.6100000000
42.000000 0.000000 42.100000 0.000000 42.100000 1764.0000000000 42.000000 1764.0000000000
42.100000 0.000000 42.200000 0.000000 42.200000 1772.4100000000 42.100000 1772.4100000000
42.200000 0.000000 42.300000 0.000000 42.300000 1780.8400000000 42.200000 1780.8400000000
42.300000 0.000000 42.400000 0.000000 42.400000 1789.2900000000 42.300000 1789.2900000000
42.400000 0.000000 42.500000 0.000000 42.500000 1797.7600000000 42.400000 1797.7600000000
42.500000 0.000000 42.600000 0.000000 42.600000 1806.2500000000 42.500000 1806.2500000000
42.600000 0.000000 42.700000 0.000000 42.700000 1814.7600000000 42.600000 1814.7600000000
42.700000 0.000000 42.800000 0.000000 42.800000 1823.2900000000 42.700000 1823.2900000000
42.800000 0.000000 42.900000 0.000000 42.900000 1831.8400000000 42.800000 1831.8400000000
42.900000 0.000000 43.000000 0.000000 43.000000 1840.4100000000 42.900000 1840.4100000000
43.000000 0.000000 43.100000 0.000000 43.100000 1849.0000000000 43.000000 1849.0000000000
43.100000 0.000000 43.200000 0.000000 43.200000 1857.6100000000 43.100000 1857.6100000000
43.200000 0.000000 43.300000 0.000000 43.300000 1866.2400000000 43.200000 1866.2400000000
43.300000 0.000000 43.400000 0.000000 43.400000 1874.8900000000 43.300000 1874.8900000000
43.400000 0.000000 43.500000 0.000000 43.500000 1883.5600000000 43.400000 1883.5600000000
43.500000 0.000000 43.600000 0.000000 43.600000 1892.2500000000 43.500000 1892.2500000000
43.600000 0.000000 43.700000 0.000000 43.700000 1900.9600000000 43.600000 1900.9600000000
43.700000 0.000000 43.800000 0.000000 43.800000 1909.6900000000 43.700000 1909.6900000000
43.800000 0.000000 43.900000 0.000000 43.900000 1918.4400000000 43.800000 1918.4400000000
43.900000 0.000000 44.000000 0.000000 44.000000 1927.2100000000 43.900000 1927.2100000000
44.000000 0.000000 44.100000 0.000000 44.100000 1936.0000000000 44.000000 1936.0000000000
44.100000 0.000000 44.200000 0.000000 44.200000 1944.8100000000 44.100000 1944.8100000000
44.200000 0.000000 44.300000 0.000000 44.300000 1953.6400000000 44.200000 1953.6400000000
44.300000 0.000000 44.400000 0.000000 44.400000 1962.4900000000 44.300000 1962.4900000000
44.400000 0.000000 44.500000 0.000000 44.500000 1971.3600000000 44.400000 1971.3600000000
44.500000 0.000000 44.600000 0.000000 44.600000 1980.2500000000 44.500000 1980.2500000000
44.600000 0.000000 44.700000 0.000000 44.700000 1989.1600000000 44.600000 1989.1600000000
44.700000 0.000000 44.800000 0.000000 44.800000 1998.0900000000 44.700000 1998.0900000000
44.800000 0.000000 44.900000 0.000000 44.900000 2007.0400000000 44.800000 2007.0400000000
44.900000 0.000000 45.000000 0.000000 45.000000 2016.0100000000 44.900000 2016.0100000000
45.000000 0.000000 45.100000 0.000000 45.100000 2025.0000000000 45.000000 2025.0000000000
45.100000 0.000000 45.200000 0.000000 45.200000 2034.0100000000 45.100000 2034.0100000000
45.200000 0.000000 45.300000 0.000000 45.300000 2043.0400000000 45.200000 2043.0400000000
45.300000 0.000000 45.400000 0.000000 45.400000 2052.0900000000 45.300000 2052.0900000000
45.400000 0.000000 45.500000 0.000000 45.500000 2061.1600000000 45.400000 2061.1600000000
45.500000 0.000000 45.600000 0.000000 45.600000 2070.2500000000 45.500000 2070.2500000000
45.600000 0.000000 45.700000 0.000000 45.700000 2079.3600000000 45.600000 2079.3600000000
45.700000 0.000000 45.800000 0.000000 45.800000 2088.4900000000 45.700000 2088.4900000000
45.800000 0.000000 45.900000 0.000000 45.900000 2097.6400000000 45.800000 2097.6400000000
45.900000 0.000000 46.000000 0.000000 46.000000 2106.8100000000 45.900000 2106.8100000000
46.000000 0.000000 46.100000 0.000000 46.100000 2116.0000000000 46.000000 2116.0000000000
46.100000 0.000000 46.200000 0.000000 46.200000 2125.2100000000 46.100000 2125.2100000000
46.200000 0.000000 46.300000 0.000000 46.300000 2134.4400000000 46.200000 2134.4400000000
46.300000 0.000000 46.400000 0.000000 46.400000 2143.6900000000 46.300000 2143.6900000000
46.400000 0.000000 46.500000 0.000000 46.500000 2152.9600000000 46.400000 2152.9600000000
46.500000 0.000000 46.600000 0.000000 46.600000 2162.2500000000 46.500000 2162.2500000000
46.600000 0.000000 46.700000 0.000000 46.700000 2171.5600000000 46.600000 2171.5600000000
46.700000 0.000000 46.800000 0.000000 46.800000 2180.8900000000 46.700000 2180.8900000000
46.800000 0.000000 46.900000 0.000000 46.900000 2190.2400000000 46.800000 2190.2400000000
46.900000 0.000000 47.000000 0.000000 47.000000 2199.6100000000 46.900000 2199.6100000000
47.000000 0.000000 47.100000 0.000000 47.100000 2209.0000000000 47.000000 2209.0000000000
47.100000 0.000000 47.200000 0.000000 47.200000 2218.4100000000 47.100000 2218.4100000000
47.200000 0.000000 47.300000 0.000000 47.300000 2227.8400000000 47.200000 2227.8400000000
47.300000 0.000000 47.400000 0.000000 47.400000 2237.2900000000 47.300000 2237.2900000000
47.400000 0.000000 47.500000 0.000000 47.500000 2246.7600000000 47.400000 2246.7600000000
47.500000 0.000000 47.600000 0.000000 47.600000 2256.2500000000 47.500000 2256.2500000000
47.600000 0.000000 47.700000 0.000000 47.700000 2265.7600000000 47.600000 2265.7600000000
47.700000 0.000000 47.800000 0.000000 47.800000 2275.2900000000 47.700000 2275.2900000000
47.800000 0.000000 47.900000 0.000000 47.900000 2284.8400000000 47.800000 2284.8400000000
47.900000 0.000000 48.000000 0.000000 48.000000 2294.4100000000 47.900000 2294.4100000000
48.000000 0.000000 48.100000 0.000000 48.100000 2304.0000000000 48.000000 2304.0000000000
48.100000 0.000000 48.200000 0.000000 48.200000 2313.6100000000 48.100000 2313.6100000000
48.200000 0.000000 48.300000 0.000000 48.300000 2323.2400000000 48.200000 2323.2400000000
48.300000 0.000000 48.400000 0.000000 48.400000 2332.8900000000 48.300000 2332.8900000000
48.400000 0.000000 48.500000 0.000000 48.500000 2342.5600000000 48.400000 2342.5600000000
48.500000 0.000000 48.600000 0.000000 48.600000 2352.2500000000 48.500000 2352.2500000000
48.600000 0.000000 48.700000 0.000000 48.700000 2361.9600000000 48.600000 2361.9600000000
48.700000 0.000000 48.800000 0.000000 48.800000 2371.6900000000 48.700000 2371.6900000000
48.800000 0.000000 48.900000 0.000000 48.900000 2381.4400000000 48.800000 2381.4400000000
48.900000 0.000000 49.000000 0.000000 49.000000 2391.2100000000 48.900000 2391.2100000000
49.000000 0.000000 49.100000 0.000000 49.100000 2401.0000000000 49.000000 2401.0000000000
49.100000 0.000000 49.200000 0.000000 49.200000 2410.8100000000 49.100000 2410.8100000000
49.200000 0.000000 49.300000 0.000000 49.300000 2420.6400000000 49.200000 2420.6400000000
49.300000 0.000000 49.400000 0.000000 49.400000 2430.4900000000 49.300000 2430.4900000000
49.400000 0.000000 49.500000 0.000000 49.500000 2440.3600000000 49.400000 2440.3600000000
49.500000 0.000000 49.600000 0.000000 49.600000 2450.2500000000 49.500000 2450.2500000000
49.600000 0.000000 49.700000 0.000000 49.700000 2460.1600000000 49.600000 2460.1600000000
49.700000 0.000000 49.800000 0.000000 49.800000 2470.0900000000 49.700000 2470.0900000000
49.800000 0.000000 49.900000 0.000000 49.900000 2480.0400000000 49.800000 2480.0400000000
49.900000 0.000000 50.000000 0.000000 50.000000 2490.0100000000 49.900000 2490.0100000000
50.000000 0.000000 50.100000 0.000000 50.100000 2500.0000000000 50.000000 2500.0000000000
50.100000 0.000000 50.200000 0.000000 50.200000 2510.0100000000 50.100000 2510.0100000000
50.200000 0.000000 50.300000 0.000000 50.300000 2520.0400000000 50.200000 2520.0400000000
50.300000 0.000000 50.400000 0.000000 50.400000 2530.0900000000 50.300000 2530.0900000000
50.400000 0.000000 50.500000 0.000000 50.500000 2540.1600000000 50.400000 2540.1600000000
50.500000 0.000000 50.600000 0.000000 50.600000 2550.2500000000 50.500000 2550.2500000000
50.600000 0.000000 50.700000 0.000000 50.700000 2560.3600000000 50.600000 2560.3600000000
50.700000 0.000000 50.800000 0.000000 50.800000 2570.4900000000 50.700000 2570.4900000000
50.800000 0.000000 50.900000 0.000000 50.900000 2580.6400000000 50.800000 2580.6400000000
50.900000 0.000000 51.000000 0.000000 51.000000 2590.8100000000 50.900000 2590.8100000000
51.000000 0.000000 51.100000 0.000000 51.100000 2601.0000000000 51.000000 2601.0000000000
51.100000 0.000000 51.200000 0.000000 51.200000 2611.2100000000 51.100000 2611.2100000000
51.200000 0.000000 51.300000 0.000000 51.300000 2621.4400000000 51.200000 2621.4400000000
51.300000 0.000000 51.400000 0.000000 51.400000 2631.6900000000 51.300000 2631.6900000000
51.400000 0.000000 51.500000 0.000000 51.500000 2641.9600000000 51.400000 2641.9600000000
51.500000 0.000000 51.600000 0.000000 51.600000 2652.2500000000 51.500000 2652.2500000000
51.600000 0.000000 51.700000 0.000000 51.700000 2662.5600000000 51.600000 2662.5600000000
51.700000 0.000000 51.800000 0.000000 51.800000 2672.8900000000 51.700000 2672.8900000000
51.800000 0.000000 51.900000 0.000000 51.900000 2683.2400000000 51.800000 2683.2400000000
51.900000 0.000000 52.000000 0.000000 52.000000 2693.6100000000 51.900000 2693.6100000000
52.000000 0.000000 52.100000 0.000000 52.100000 2704.0000000000 52.000000 2704.0000000000
52.100000 0.000000 52.200000 0.000000 52.200000 2714.4100000000 52.100000 2714.4100000000
52.200000 0.000000 52.300000 0.000000 52.300000 2724.8400000000 52.200000 2724.8400000000
52.300000 0.000000 52.400000 0.000000 52.400000 2735.2900000000 52.300000 2735.2900000000
52.400000 0.000000 52.500000 0.000000 52.500000 2745.7600000000 52.400000 2745.7600000000
52.500000 0.000000 52.600000 0.000000 52.600000 2756.2500000000 52.500000 2756.2500000000
52.600000 0.000000 52.700000 0.000000 52.700000 2766.7600000000 52.600000 2766.7600000000
52.700000 0.000000 52.800000 0.000000 52.800000 2777.2900000000 52.700000 2777.2900000000
52.800000 0.000000 52.900000 0.000000 52.900000 2787.8400000000 52.800000 2787.8400000000
52.900000 0.000000 53.000000 0.000000 53.000000 2798.4100000000 52.900000 2798.4100000000
53.000000 0.000000 53.100000 0.000000 53.100000 2809.0000000000 53.000000 2809.0000000000
53.100000 0.000000 53.200000 0.000000 53.200000 2819.6100000000 53.100000 2819.6100000000
53.200000 0.000000 53.300000 0.000000 53.300000 2830.2400000000 53.200000 2830.2400000000
53.300000 0.000000 53.400000 0.000000 53.400000 2840.8900000000 53.300000 2840.8900000000
53.400000 0.000000 53.500000 0.000000 53.500000 2851.5600000000 53.400000 2851.5600000000
53.500000 0.000000 53.600000 0.000000 53.600000 2862.2500000000 53.500000 2862.2500000000
53.600000 0.000000 53.700000 0.000000 53.700000 2872.9600000000 53.600000 2872.9600000000
53.700000 0.000000 53.800000 0.000000 53.800000 2883.6900000000 53.700000 2883.6900000000
53.800000 0.000000 53.900000 0.000000 53.900000 2894.4400000000 53.800000 2894.4400000000
53.900000 0.000000 54.000000 0.000000 54.000000 2905.2100000000 53.900000 2905.2100000000
54.000000 0.000000 54.100000 0.000000 54.100000 2916.0000000000 54.000000 2916.0000000000
54.100000 0.000000 54.200000 0.000000 54.200000 2926.8100000000 54.100000 2926.8100000000
54.200000 0.000000 54.300000 0.000000 54.300000 2937.6400000000 54.200000 2937.6400000000
54.300000 0.000000 54.400000 0.000000 54.400000 2948.4900000000 54.300000 2948.4900000000
54.400000 0.000000 54.500000 0.000000 54.500000 2959.3600000000 54.400000 2959.3600000000
54.500000 0.000000 54.600000 0.000000 54.600000 2970.2500000000 54.500000 2970.2500000000
54.600000 0.000000 54.700000 0.000000 54.700000 2981.1600000000 54.600000 2981.1600000000
54.700000 0.000000 54.800000 0.000000 54.800000 2992.0900000000 54.700000 2992.0900000000
54.800000 0.000000 54.900000 0.000000 54.900000 3003.0400000000 54.800000 3003.0400000000
54.900000 0.000000 55.000000 0.000000 55.000000 3014.0100000000 54.900000 3014.0100000000
55.000000 0.000000 55.100000 0.000000 55.100000 3025.0000000000 55.000000 3025.0000000000
55.100000 0.000000 55.200000 0.000000 55.200000 3036.0100000000 55.100000 3036.0100000000
55.200000 0.000000 55.300000 0.000000 55.300000 3047.0400000000 55.200000 3047.0400000000
55.300000 0.000000 55.400000 0.000000 55.400000 3058.0900000000 55.300000 3058.0900000000
55.400000 0.000000 55.500000 0.000000 55.500000 3069.1600000000 55.400000 3069.1600000000
55.500000 0.000000 55.600000 0.000000 55.600000 3080.2500000000 55.500000 3080.2500000000
55.600000 0.000000 55.700000 0.000000 55.700000 3091.3600000000 55.600000 3091.3600000000
55.700000 0.000000 55.800000 0.000000 55.800000 3102.4900000000 55.700000 3102.4900000000
55.800000 0.000000 55.900000 0.000000 55.900000 3113.6400000000 55.800000 3113.6400000000
55.900000 0.000000 56.000000 0.000000 56.000000 3124.8100000000 55.900000 3124.8100000000
56.000000 0.000000 56.100000 0.000000 56.100000 3136.0000000000 56.000000 3136.0000000000
56.100000 0.000000 56.200000 0.000000 56.200000 3147.2100000000 56.100000 3147.2100000000
56.200000 0.000000 56.300000 0.000000 56.300000 3158.4400000000 56.200000 3158.4400000000
56.300000 0.000000 56.400000 0.000000 56.400000 3169.6900000000 56.300000 3169.6900000000
56.400000 0.000000 56.500000 0.000000 56.500000 3180.9600000000 56.400000 3180.9600000000
56.500000 0.000000 56.600000 0.000000 56.600000 3192.2500000000 56.500000 3192.2500000000
56.600000 0.000000 56.700000 0.000000 56.700000 3203.5600000000 56.600000 3203.5600000000
56.700000 0.000000 56.800000 0.000000 56.800000 3214.8900000000 56.700000 3214.8900000000
56.800000 0.000000 56.900000 0.000000 56.900000 3226.2400000000 56.800000 3226.2400000000
56.900000 0.000000 57.000000 0.000000 57.000000 3237.6100000000 56.900000 3237.6100000000
57.000000 0.000000 57.100000 0.000000 57.100000 3249.0000000000 57.000000 3249.0000000000
57.100000 0.000000 57.200000 0.000000 57.200000 3260.4100000000 57.100000 3260.4100000000
57.200000 0.000000 57.300000 0.000000 57.300000 3271.8400000000 57.200000 3271.8400000000
57.300000 0.000000 57.400000 0.000000 57.400000 3283.2900000000 57.300000 3283.2900000000
57.400000 0.000000 57.500000 0.000000 57.500000 3294.7600000000 57.400000 3294.7600000000
57.500000 0.000000 57.600000 0.000000 57.600000 3306.2500000000 57.500000 3306.2500000000
57.600000 0.000000 57.700000 0.000000 57.700000 3317.7600000000 57.600000 3317.7600000000
57.700000 0.000000 57.800000 0.000000 57.800000 3329.2900000000 57.700000 3329.2900000000
57.800000 0.000000 57.900000 0.000000 57.900000 3340.8400000000 57.800000 3340.8400000000
57.900000 0.000000 58.000000 0.000000 58.000000 3352.4100000000 57.900000 3352.4100000000
58.000000 0.000000 58.100000 0.000000 58.100000 3364.0000000000 58.000000 3364.0000000000
58.100000 0.000000 58.200000 0.000000 58.200000 3375.6100000000 58.100000 3375.6100000000
58.200000 0.000000 58.300000 0.000000 58.300000 3387.2400000000 58.200000 3387.2400000000
58.300000 0.000000 58.400000 0.000000 58.400000 3398.8900000000 58.300000 3398.8900000000
58.400000 0.000000 58.500000 0.000000 58.500000 3410.5600000000 58.400000 3410.5600000000
58.500000 0.000000 58.600000 0.000000 58.600000 3422.2500000000 58.500000 3422.2500000000
58.600000 0.000000 58.700000 0.000000 58.700000 3433.9600000000 58.600000 3433.9600000000
58.700000 0.000000 58.800000 0.000000 58.800000 3445.6900000000 58.700000 3445.6900000000
58.800000 0.000000 58.900000 0.000000 58.900000 3457.4400000000 58.800000 3457.4400000000
58.900000 0.000000 59.000000 0.000000 59.000000 3469.2100000000 58.900000 3469.2100000000
59.000000 0.000000 59.100000 0.000000 59.100000 3481.0000000000 59.000000 3481.0000000000
59.100000 0.000000 59.200000 0.000000 59.200000 3492.8100000000 59.100000 3492.8100000000
59.200000 0.000000 59.300000 0.000000 59.300000 3504.6400000000 59.200000 3504.6400000000
59.300000 0.000000 59.400000 0.000000 59.400000 3516.4900000000 59.300000 3516.4900000000
59.400000 0.000000 59.500000 0.000000 59.500000 3528.3600000000 59.400000 3528.3600000000
59.500000 0.000000 59.600000 0.000000 59.600000 3540.2500000000 59.500000 3540.2500000000
59.600000 0.000000 59.700000 0.000000 59.700000 3552.1600000000 59.600000 3552.1600000000
59.700000 0.000000 59.800000 0.000000 59.800000 3564.0900000000 59.700000 3564.0900000000
59.800000 0.000000 59.900000 0.000000 59.900000 3576.0400000000 59.800000 3576.0400000000
59.900000 0.000000 60.000000 0.000000 60.000000 3588.0100000000 59.900000 3588.0100000000
60.000000 0.000000 60.100000 0.000000 60.100000 3600.0000000000 60.000000 3600.0000000000
60.100000 0.000000 60.200000 0.000000 60.200000 3612.0100000000 60.100000 3612.0100000000
60.200000 0.000000 60.300000 0.000000 60.300000 3624.0400000000 60.200000 3624.0400000000
60.300000 0.000000 60.400000 0.000000 60.400000 3636.0900000000 60.300000 3636.0900000000
60.400000 0.000000 60.500000 0.000000 60.500000 3648.1600000000 60.400000 3648.1600000000
60.500000 0.000000 60.600000 0.000000 60.600000 3660.2500000000 60.500000 3660.2500000000
60.600000 0.000000 60.700000 0.000000 60.700000 3672.3600000000 60.600000 3672.3600000000
60.700000 0.000000 60.800000 0.000000 60.800000 3684.4900000000 60.700000 3684.4900000000
60.800000 0.000000 60.900000 0.000000 60.900000 3696.6400000000 60.800000 3696.6400000000
60.900000 0.000000 61.000000 0.000000 61.000000 3708.8100000000 60.900000 3708.8100000000
61.000000 0.000000 61.100000 0.000000 61.100000 3721.0000000000 61.000000 3721.0000000000
61.100000 0.000000 61.200000 0.000000 61.200000 3733.2100000000 61.100000 3733.2100000000
61.200000 0.000000 61.300000 0.000000 61.300000 3745.4400000000 61.200000 3745.4400000000
61.300000 0.000000 61.400000 0.000000 61.400000 3757.6900000000 61.300000 3757.6900000000
61.400000 0.000000 61.500000 0.000000 61.500000 3769.9600000000 61.400000 3769.9600000000
61.500000 0.000000 61.600000 0.000000 61.600000 3782.2500000000 61.500000 3782.2500000000
61.600000 0.000000 61.700000 0.000000 61.700000 3794.5600000000 61.600000 3794.5600000000
61.700000 0.000000 61.800000 0.000000 61.800000 3806.8900000000 61.700000 3806.8900000000
61.800000 0.000000 61.900000 0.000000 61.900000 3819.2400000000 61.800000 3819.2400000000
61.900000 0.000000 62.000000 0.000000 62.000000 3831.6100000000 61.900000 3831.6100000000
62.000000 0.000000 62.100000 0.000000 62.100000 3844.0000000000 62.000000 3844.0000000000
62.100000 0.000000 62.200000 0.000000 62.200000 3856.4100000000 62.100000 3856.4100000000
62.200000 0.000000 62.300000 0.000000 62.300000 3868.8400000000 62.200000 3868.8400000000
62.300000 0.000000 62.400000 0.000000 62.400000 3881.2900000000 62.300000 3881.2900000000
62.400000 0.000000 62.500000 0.000000 62.500000 3893.7600000000 62.400000 3893.7600000000
62.500000 0.000000 62.600000 0.000000 62.600000 3906.2500000000 62.500000 3906.2500000000
62.600000 0.000000 62.700000 0.000000 62.700000 3918.7600000000 62.600000 3918.7600000000
62.700000 0.000000 62.800000 0.000000 62.800000 3931.2900000000 62.700000 3931.2900000000
62.800000 0.000000 62.900000 0.000000 62.900000 3943.8400000000 62.800000 3943.8400000000
62.900000 0.000000 63.000000 0.000000 63.000000 3956.4100000000 62.900000 3956.4100000000
63.000000 0.000000 63.100000 0.000000 63.100000 3969.0000000000 63.000000 3969.0000000000
63.100000 0.000000 63.200000 0.000000 63.200000 3981.6100000000 63.100000 3981.6100000000
63.200000 0.000000 63.300000 0.000000 63.300000 3994.2400000000 63.200000 3994.2400000000
63.300000 0.000000 63.400000 0.000000 63.400000 4006.8900000000 63.300000 4006.8900000000
63.400000 0.000000 63.500000 0.000000 63.500000 4019.5600000000 63.400000 4019.5600000000
63.500000 0.000000 63.600000 0.000000 63.600000 4032.2500000000 63.500000 4032.2500000000
63.600000 0.000000 63.700000 0.000000 63.700000 4044.9600000000 63.600000 4044.9600000000
63.700000 0.000000 63.800000 0.000000 63.800000 4057.6900000000 63.700000 4057.6900000000
63.800000 0.000000 63.900000 0.000000 63.900000 4070.4400000000 63.800000 4070.4400000000
63.900000 0.000000 64.000000 0.000000 64.000000 4083.2100000000 63.900000 4083.2100000000
64.000000 0.000000 64.100000 0.000000 64.100000 4096.0000000000 64.000000 4096.0000000000
64.100000 0.000000 64.200000 0.000000 64.200000 4108.8100000000 64.100000 4108.8100000000
64.200000 0.000000 64.300000 0.000000 64.300000 4121.6400000000 64.200000 4121.6400000000
64.300000 0.000000 64.400000 0.000000 64.400000 4134.4900000000 64.300000 4134.4900000000
64.400000 0.000000 64.500000 0.000000 64.500000 4147.3600000000 64.400000 4147.3600000000
64.500000 0.000000 64.600000 0.000000 64.600000 4160.2500000000 64.500000 4160.2500000000
64.600000 0.000000 64.700000 0.000000 64.700000 4173.1600000000 64.600000 4173.1600000000
64.700000 0.000000 64.800000 0.000000 64.800000 4186.0900000000 64.700000 4186.0900000000
64.800000 0.000000 64.900000 0.000000 64.900000 4199.0400000000 64.800000 4199.0400000000
64.900000 0.000000 65.000000 0.000000 65.000000 4212.0100000000 64.900000 4212.0100000000
65.000000 0.000000 65.100000 0.000000 65.100000 4225.0000000000 65.000000 4225.0000000000
65.100000 0.000000 65.200000 0.000000 65.200000 4238.0100000000 65.100000 4238.0100000000
65.200000 0.000000 65.300000 0.000000 65.300000 4251.0400000000 65.200000 4251.0400000000
65.300000 0.000000 65.400000 0.000000 65.400000 4264.0900000000 65.300000 4264.0900000000
65.400000 0.000000 65.500000 0.000000 65.500000 4277.1600000000 65.400000 4277.1600000000
65.500000 0.000000 65.600000 0.000000 65.600000 4290.2500000000 65.500000 4290.2500000000
65.600000 0.000000 65.700000 0.000000 65.700000 4303.3600000000 65.600000 4303.3600000000
65.700000 0.000000 65.800000 0.000000 65.800000 4316.4900000000 65.700000 4316.4900000000
65.800000 0.000000 65.900000 0.000000 65.900000 4329.6400000000 65.800000 4329.6400000000
65.900000 0.000000 66.000000 0.000000 66.000000 4342.8100000000 65.900000 4342.8100000000
66.000000 0.000000 66.100000 0.000000 66.100000 4356.0000000000 66.000000 4356.0000000000
66.100000 0.000000 66.200000 0.000000 66.200000 4369.2100000000 66.100000 4369.2100000000
66.200000 0.000000 66.300000 0.000000 66.300000 4382.4400000000 66.200000 4382.4400000000
66.300000 0.000000 66.400000 0.000000 66.400000 4395.6900000000 66.300000 4395.6900000000
66.400000 0.000000 66.500000 0.000000 66.500000 4408.9600000000 66.400000 4408.9600000000
66.500000 0.000000 66.600000 0.000000 66.600000 4422.2500000000 66.500000 4422.2500000000
66.600000 0.000000 66.700000 0.000000 66.700000 4435.5600000000 66.600000 4435.5600000000
66.700000 0.000000 66.800000 0.000000 66.800000 4448.8900000000 66.700000 4448.8900000000
66.800000 0.000000 66.900000 0.000000 66.900000 4462.2400000000 66.800000 4462.2400000000
66.900000 0.000000 67.000000 0.000000 67.000000 4475.6100000000 66.900000 4475.6100000000
67.000000 0.000000 67.100000 0.000000 67.100000 4489.0000000000 67.000000 4489.0000000000
67.100000 0.000000 67.200000 0.000000 67.200000 4502.4100000000 67.100000 4502.4100000000
67.200000 0.000000 67.300000 0.000000 67.300000 4515.8400000000 67.200000 4515.8400000000
67.300000 0.000000 67.400000 0.000000 67.400000 4529.2900000000 67.300000 4529.2900000000
67.400000 0.000000 67.500000 0.000000 67.500000 4542.7600000000 67.400000 4542.7600000000
67.500000 0.000000 67.600000 0.000000 67.600000 4556.2500000000 67.500000 4556.2500000000
67.600000 0.000000 67.700000 0.000000 67.700000 4569.7600000000 67.600000 4569.7600000000
67.700000 0.000000 67.800000 0.000000 67.800000 4583.2900000000 67.700000 4583.2900000000
67.800000 0.000000 67.900000 0.000000 67.900000 4596.8400000000 67.800000 4596.8400000000
67.900000 0.000000 68.000000 0.000000 68.000000 4610.4100000000 67.900000 4610.4100000000
68.000000 0.000000 68.100000 0.000000 68.100000 4624.0000000000 68.000000 4624.0000000000
68.100000 0.000000 68.200000 0.000000 68.200000 4637.6100000000 68.100000 4637.6100000000
68.200000 0.000000 68.300000 0.000000 68.300000 4651.2400000000 68.200000 4651.2400000000
68.300000 0.000000 68.400000 0.000000 68.400000 4664.8900000000 68.300000 4664.8900000000
68.400000 0.000000 68.500000 0.000000 68.500000 4678.5600000000 68.400000 4678.5600000000
68.500000 0.000000 68.600000 0.000000 68.600000 4692.2500000000 68.500000 4692.2500000000
68.600000 0.000000 68.700000 0.000000 68.700000 4705.9600000000 68.600000 4705.9600000000
68.700000 0.000000 68.800000 0.000000 68.800000 4719.6900000000 68.700000 4719.6900000000
68.800000 0.000000 68.900000 0.000000 68.900000 4733.4400000000 68.800000 4733.4400000000
68.900000 0.000000 69.000000 0.000000 69.000000 4747.2100000000 68.900000 4747.2100000000
69.000000 0.000000 69.100000 0.000000 69.100000 4761.0000000000 69.000000 4761.0000000000
69.100000 0.000000 69.200000 0.000000 69.200000 4774.8100000000 69.100000 4774.8100000000
69.200000 0.000000 69.300000 0.000000 69.300000 4788.6400000000 69.200000 4788.6400000000
69.300000 0.000000 69.400000 0.000000 69.400000 4802.4900000000 69.300000 4802.4900000000
69.400000 0.000000 69.500000 0.000000 69.500000 4816.3600000000 69.400000 4816.3600000000
69.500000 0.000000 69.600000 0.000000 69.600000 4830.2500000000 69.500000 4830.2500000000
69.600000 0.000000 69.700000 0.000000 69.700000 4844.1600000000 69.600000 4844.1600000000
69.700000 0.000000 69.800000 0.000000 69.800000 4858.0900000000 69.700000 4858.0900000000
69.800000 0.000000 69.900000 0.000000 69.900000 4872.0400000000 69.800000 4872.0400000000
69.900000 0.000000 70.000000 0.000000 70.000000 4886.0100000000 69.900000 4886.0100000000
70.000000 0.000000 70.100000 0.000000 70.100000 4900.0000000000 70.000000 4900.0000000000
70.100000 0.000000 70.200000 0.000000 70.200000 4914.0100000000 70.100000 4914.0100000000
70.200000 0.000000 70.300000 0.000000 70.300000 4928.0400000000 70.200000 4928.0400000000
70.300000 0.000000 70.400000 0.000000 70.400000 4942.0900000000 70.300000 4942.0900000000
70.400000 0.000000 70.500000 0.000000 70.500000 4956.1600000000 70.400000 4956.1600000000
70.500000 0.000000 70.600000 0.000000 70.600000 4970.2500000000 70.500000 4970.2500000000
70.600000 0.000000 70.700000 0.000000 70.700000 4984.3600000000 70.600000 4984.3600000000
70.700000 0.000000 70.800000 0.000000 70.800000 4998.4900000000 70.700000 4998.4900000000
70.800000 0.000000 70.900000 0.000000 70.900000 5012.6400000000 70.800000 5012.6400000000
70.900000 0.000000 71.000000 0.000000 71.000000 5026.8100000000 70.900000 5026.8100000000
71.000000 0.000000 71.100000 0.000000 71.100000 5041.0000000000 71.000000 5041.0000000000
71.100000 0.000000 71.200000 0.000000 71.200000 5055.2100000000 71.100000 5055.2100000000
71.200000 0.000000 71.300000 0.000000 71.300000 5069.4400000000 71.200000 5069.4400000000
71.300000 0.000000 71.400000 0.000000 71.400000 5083.6900000000 71.300000 5083.6900000000
71.400000 0.000000 71.500000 0.000000 71.500000 5097.9600000000 71.400000 5097.9600000000
71.500000 0.000000 71.600000 0.000000 71.600000 5112.2500000000 71.500000 5112.2500000000
71.600000 0.000000 71.700000 0.000000 71.700000 5126.5600000000 71.600000 5126.5600000000
71.700000 0.000000 71.800000 0.000000 71.800000 5140.8900000000 71.700000 5140.8900000000
71.800000 0.000000 71.900000 0.000000 71.900000 5155.2400000000 71.800000 5155.2400000000
71.900000 0.000000 72.000000 0.000000 72.000000 5169.6100000000 71.900000 5169.6100000000
72.000000 0.000000 72.100000 0.000000 72.100000 5184.0000000000 72.000000 5184.0000000000
72.100000 0.000000 72.200000 0.000000 72.200000 5198.4100000000 72.100000 5198.4100000000
72.200000 0.000000 72.300000 0.000000 72.300000 5212.8400000000 72.200000 5212.8400000000
72.300000 0.000000 72.400000 0.000000 72.400000 5227.2900000000 72.300000 5227.2900000000
72.400000 0.000000 72.500000 0.000000 72.500000 5241.7600000000 72.400000 5241.7600000000
72.500000 0.000000 72.600000 0.000000 72.600000 5256.2500000000 72.500000 5256.2500000000
72.600000 0.000000 72.700000 0.000000 72.700000 5270.7600000000 72.600000 5270.7600000000
72.700000 0.000000 72.800000 0.000000 72.800000 5285.2900000000 72.700000 5285.2900000000
72.800000 0.000000 72.900000 0.000000 72.900000 5299.8400000000 72.800000 5299.8400000000
72.900000 0.000000 73.000000 0.000000 73.000000 5314.4100000000 72.900000 5314.4100000000
73.000000 0.000000 73.100000 0.000000 73.100000 5329.0000000000 73.000000 5329.0000000000
73.100000 0.000000 73.200000 0.000000 73.200000 5343.6100000000 73.100000 5343.6100000000
73.200000 0.000000 73.300000 0.000000 73.300000 5358.2400000000 73.200000 5358.2400000000
73.300000 0.000000 73.400000 0.000000 73.400000 5372.8900000000 73.300000 5372.8900000000
73.400000 0.000000 73.500000 0.000000 73.500000 5387.5600000000 73.400000 5387.5600000000
73.500000 0.000000 73.600000 0.000000 73.600000 5402.2500000000 73.500000 5402.2500000000
73.600000 0.000000 73.700000 0.000000 73.700000 5416.9600000000 73.600000 5416.9600000000
73.700000 0.000000 73.800000 0.000000 73.800000 5431.6900000000 73.700000 5431.6900000000
73.800000 0.000000 73.900000 0.000000 73.900000 5446.4400000000 73.800000 5446.4400000000
73.900000 0.000000 74.000000 0.000000 74.000000 5461.2100000000 73.900000 5461.2100000000
74.000000 0.000000 74.100000 0.000000 74.100000 5476.0000000000 74.000000 5476.0000000000
74.100000 0.000000 74.200000 0.000000 74.200000 5490.8100000000 74.100000 5490.8100000000
74.200000 0.000000 74.300000 0.000000 74.300000 5505.6400000000 74.200000 5505.6400000000
74.300000 0.000000 74.400000 0.000000 74.400000 5520.4900000000 74.300000 5520.4900000000
74.400000 0.000000 74.500000 0.000000 74.500000 5535.3600000000 74.400000 5535.3600000000
74.500000 0.000000 74.600000 0.000000 74.600000 5550.2500000000 74.500000 5550.2500000000
74.600000 0.000000 74.700000 0.000000 74.700000 5565.1600000000 74.600000 5565.1600000000
74.700000 0.000000 74.800000 0.000000 74.800000 5580.0900000000 74.700000 5580.0900000000
74.800000 0.000000 74.900000 0.000000 74.900000 5595.0400000000 74.800000 5595.0400000000
74.900000 0.000000 75.000000 0.000000 75.000000 5610.0100000000 74.900000 5610.0100000000
75.000000 0.000000 75.100000 0.000000 75.100000 5625.0000000000 75.000000 5625.0000000000
75.100000 0.000000 75.200000 0.000000 75.200000 5640.0100000000 75.100000 5640.0100000000
75.200000 0.000000 75.300000 0.000000 75.300000 5655.0400000000 75.200000 5655.0400000000
75.300000 0.000000 75.400000 0.000000 75.400000 5670.0899999849 75.300000 5670.0899999849
75.400000 0.000000 75.500000 0.000000 75.500000 5685.1599999849 75.400000 5685.1599999849
75.500000 0.000000 75.600000 0.000000 75.600000 5700.2499999849 75.500000 5700.2499999849
75.600000 0.000000 75.700000 0.000000 75.700000 5715.3599999848 75.600000 5715.3599999848
75.700000 0.000000 75.800000 0.000000 75.800000 5730.4899999848 75.700000 5730.4899999848
75.800000 0.000000 75.900000 0.000000 75.900000 5745.6399999848 75.800000 5745.6399999848
75.900000 0.000000 76.000000 0.000000 76.000000 5760.8099999848 75.900000 5760.8099999848
76.000000 0.000000 76.100000 0.000000 76.100000 5775.9999999848 76.000000 5775.9999999848
76.100000 0.000000 76.200000 0.000000 76.200000 5791.2099999847 76.100000 5791.2099999847
76.200000 0.000000 76.300000 0.000000 76.300000 5806.4399999847 76.200000 5806.4399999847
76.300000 0.000000 76.400000 0.000000 76.400000 5821.6899999847 76.300000 5821.6899999847
76.400000 0.000000 76.500000 0.000000 76.500000 5836.9599999847 76.400000 5836.9599999847
76.500000 0.000000 76.600000 0.000000 76.600000 5852.2499999847 76.500000 5852.2499999847
76.600000 0.000000 76.700000 0.000000 76.700000 5867.5599999846 76.600000 5867.5599999846
76.700000 0.000000 76.800000 0.000000 76.800000 5882.8899999846 76.700000 5882.8899999846
76.800000 0.000000 76.900000 0.000000 76.900000 5898.2399999846 76.800000 5898.2399999846
76.900000 0.000000 77.000000 0.000000 77.000000 5913.6099999846 76.900000 5913.6099999846
77.000000 0.000000 77.100000 0.000000 77.100000 5928.9999999846 77.000000 5928.9999999846
77.100000 0.000000 77.200000 0.000000 77.200000 5944.4099999845 77.100000 5944.4099999845
77.200000 0.000000 77.300000 0.000000 77.300000 5959.8399999845 77.200000 5959.8399999845
77.300000 0.000000 77.400000 0.000000 77.400000 5975.2899999845 77.300000 5975.2899999845
77.400000 0.000000 77.500000 0.000000 77.500000 5990.7599999845 77.400000 5990.7599999845
77.500000 0.000000 77.600000 0.000000 77.600000 6006.2499999845 77.500000 6006.2499999845
77.600000 0.000000 77.700000 0.000000 77.700000 6021.7599999844 77.600000 6021.7599999844
77.700000 0.000000 77.800000 0.000000 77.800000 6037.2899999844 77.700000 6037.2899999844
77.800000 0.000000 77.900000 0.000000 77.900000 6052.8399999844 77.800000 6052.8399999844
77.900000 0.000000 78.000000 0.000000 78.000000 6068.4099999844 77.900000 6068.4099999844
78.000000 0.000000 78.100000 0.000000 78.100000 6083.9999999844 78.000000 6083.9999999844
78.100000 0.000000 78.200000 0.000000 78.200000 6099.6099999843 78.100000 6099.6099999843
78.200000 0.000000 78.300000 0.000000 78.300000 6115.2399999843 78.200000 6115.2399999843
78.300000 0.000000 78.400000 0.000000 78.400000 6130.8899999843 78.300000 6130.8899999843
78.400000 0.000000 78.500000 0.000000 78.500000 6146.5599999843 78.400000 6146.5599999843
78.500000 0.000000 78.600000 0.000000 78.600000 6162.2499999843 78.500000 6162.2499999843
78.600000 0.000000 78.700000 0.000000 78.700000 6177.9599999842 78.600000 6177.9599999842
78.700000 0.000000 78.800000 0.000000 78.800000 6193.6899999842 78.700000 6193.6899999842
78.800000 0.000000 78.900000 0.000000 78.900000 6209.4399999842 78.800000 6209.4399999842
78.900000 0.000000 79.000000 0.000000 79.000000 6225.2099999842 78.900000 6225.2099999842
79.000000 0.000000 79.100000 0.000000 79.100000 6240.9999999842 79.000000 6240.9999999842
79.100000 0.000000 79.200000 0.000000 79.200000 6256.8099999841 79.100000 6256.8099999841
79.200000 0.000000 79.300000 0.000000 79.300000 6272.6399999841 79.200000 6272.6399999841
79.300000 0.000000 79.400000 0.000000 79.400000 6288.4899999841 79.300000 6288.4899999841
79.400000 0.000000 79.500000 0.000000 79.500000 6304.3599999841 79.400000 6304.3599999841
79.500000 0.000000 79.600000 0.000000 79.600000 6320.2499999841 79.500000 6320.2499999841
79.600000 0.000000 79.700000 0.000000 79.700000 6336.1599999840 79.600000 6336.1599999840
79.700000 0.000000 79.800000 0.000000 79.800000 6352.0899999840 79.700000 6352.0899999840
79.800000 0.000000 79.900000 0.000000 79.900000 6368.0399999840 79.800000 6368.0399999840
79.900000 0.000000 80.000000 0.000000 80.000000 6384.0099999840 79.900000 6384.0099999840
80.000000 0.000000 80.100000 0.000000 80.100000 6399.9999999840 80.000000 6399.9999999840
80.100000 0.000000 80.200000 0.000000 80.200000 6416.0099999839 80.100000 6416.0099999839
80.200000 0.000000 80.300000 0.000000 80.300000 6432.0399999839 80.200000 6432.0399999839
80.300000 0.000000 80.400000 0.000000 80.400000 6448.0899999839 80.300000 6448.0899999839
80.400000 0.000000 80.500000 0.000000 80.500000 6464.1599999839 80.400000 6464.1599999839
80.500000 0.000000 80.600000 0.000000 80.600000 6480.2499999839 80.500000 6480.2499999839
80.600000 0.000000 80.700000 0.000000 80.700000 6496.3599999838 80.600000 6496.3599999838
80.700000 0.000000 80.800000 0.000000 80.800000 6512.4899999838 80.700000 6512.4899999838
80.800000 0.000000 80.900000 0.000000 80.900000 6528.6399999838 80.800000 6528.6399999838
80.900000 0.000000 81.000000 0.000000 81.000000 6544.8099999838 80.900000 6544.8099999838
81.000000 0.000000 81.100000 0.000000 81.100000 6560.9999999838 81.000000 6560.9999999838
81.100000 0.000000 81.200000 0.000000 81.200000 6577.2099999837 81.100000 6577.2099999837
81.200000 0.000000 81.300000 0.000000 81.300000 6593.4399999837 81.200000 6593.4399999837
81.300000 0.000000 81.400000 0.000000 81.400000 6609.6899999837 81.300000 6609.6899999837
81.400000 0.000000 81.500000 0.000000 81.500000 6625.9599999837 81.400000 6625.9599999837
81.500000 0.000000 81.600000 0.000000 81.600000 6642.2499999837 81.500000 6642.2499999837
81.600000 0.000000 81.700000 0.000000 81.700000 6658.5599999836 81.600000 6658.5599999836
81.700000 0.000000 81.800000 0.000000 81.800000 6674.8899999836 81.700000 6674.8899999836
81.800000 0.000000 81.900000 0.000000 81.900000 6691.2399999836 81.800000 6691.2399999836
81.900000 0.000000 82.000000 0.000000 82.000000 6707.6099999836 81.900000 6707.6099999836
82.000000 0.000000 82.100000 0.000000 82.100000 6723.9999999836 82.000000 6723.9999999836
82.100000 0.000000 82.200000 0.000000 82.200000 6740.4099999835 82.100000 6740.4099999835
82.200000 0.000000 82.300000 0.000000 82.300000 6756.8399999835 82.200000 6756.8399999835
82.300000 0.000000 82.400000 0.000000 82.400000 6773.2899999835 82.300000 6773.2899999835
82.400000 0.000000 82.500000 0.000000 82.500000 6789.7599999835 82.400000 6789.7599999835
82.500000 0.000000 82.600000 0.000000 82.600000 6806.2499999835 82.500000 6806.2499999835
82.600000 0.000000 82.700000 0.000000 82.700000 6822.7599999834 82.600000 6822.7599999834
82.700000 0.000000 82.800000 0.000000 82.800000 6839.2899999834 82.700000 6839.2899999834
82.800000 0.000000 82.900000 0.000000 82.900000 6855.8399999834 82.800000 6855.8399999834
82.900000 0.000000 83.000000 0.000000 83.000000 6872.4099999834 82.900000 6872.4099999834
83.000000 0.000000 83.100000 0.000000 83.100000 6888.9999999834 83.000000 6888.9999999834
83.100000 0.000000 83.200000 0.000000 83.200000 6905.6099999833 83.100000 6905.6099999833
83.200000 0.000000 83.300000 0.000000 83.300000 6922.2399999833 83.200000 6922.2399999833
83.300000 0.000000 83.400000 0.000000 83.400000 6938.8899999833 83.300000 6938.8899999833
83.400000 0.000000 83.500000 0.000000 83.500000 6955.5599999833 83.400000 6955.5599999833
83.500000 0.000000 83.600000 0.000000 83.600000 6972.2499999833 83.500000 6972.2499999833
83.600000 0.000000 83.700000 0.000000 83.700000 6988.9599999832 83.600000 6988.9599999832
83.700000 0.000000 83.800000 0.000000 83.800000 7005.6899999832 83.700000 7005.6899999832
83.800000 0.000000 83.900000 0.000000 83.900000 7022.4399999832 83.800000 7022.4399999832
83.900000 0.000000 84.000000 0.000000 84.000000 7039.2099999832 83.900000 7039.2099999832
84.000000 0.000000 84.100000 0.000000 84.100000 7055.9999999832 84.000000 7055.9999999832
84.100000 0.000000 84.200000 0.000000 84.200000 7072.8099999831 84.100000 7072.8099999831
84.200000 0.000000 84.300000 0.000000 84.300000 7089.6399999831 84.200000 7089.6399999831
84.300000 0.000000 84.400000 0.000000 84.400000 7106.4899999831 84.300000 7106.4899999831
84.400000 0.000000 84.500000 0.000000 84.500000 7123.3599999831 84.400000 7123.3599999831
84.500000 0.000000 84.600000 0.000000 84.600000 7140.2499999831 84.500000 7140.2499999831
84.600000 0.000000 84.700000 0.000000 84.700000 7157.1599999830 84.600000 7157.1599999830
84.700000 0.000000 84.800000 0.000000 84.800000 7174.0899999830 84.700000 7174.0899999830
84.800000 0.000000 84.900000 0.000000 84.900000 7191.0399999830 84.800000 7191.0399999830
84.900000 0.000000 85.000000 0.000000 85.000000 7208.0099999830 84.900000 7208.0099999830
85.000000 0.000000 85.100000 0.000000 85.100000 7224.9999999830 85.000000 7224.9999999830
85.100000 0.000000 85.200000 0.000000 85.200000 7242.0099999829 85.100000 7242.0099999829
85.200000 0.000000 85.300000 0.000000 85.300000 7259.0399999829 85.200000 7259.0399999829
85.300000 0.000000 85.400000 0.000000 85.400000 7276.0899999829 85.300000 7276.0899999829
85.400000 0.000000 85.500000 0.000000 85.500000 7293.1599999829 85.400000 7293.1599999829
85.500000 0.000000 85.600000 0.000000 85.600000 7310.2499999829 85.500000 7310.2499999829
85.600000 0.000000 85.700000 0.000000 85.700000 7327.3599999828 85.600000 7327.3599999828
85.700000 0.000000 85.800000 0.000000 85.800000 7344.4899999828 85.700000 7344.4899999828
85.800000 0.000000 85.900000 0.000000 85.900000 7361.6399999828 85.800000 7361.6399999828
85.900000 0.000000 86.000000 0.000000 86.000000 7378.8099999828 85.900000 7378.8099999828
86.000000 0.000000 86.100000 0.000000 86.100000 7395.9999999828 86.000000 7395.9999999828
86.100000 0.000000 86.200000 0.000000 86.200000 7413.2099999827 86.100000 7413.2099999827
86.200000 0.000000 86.300000 0.000000 86.300000 7430.4399999827 86.200000 7430.4399999827
86.300000 0.000000 86.400000 0.000000 86.400000 7447.6899999827 86.300000 7447.6899999827
86.400000 0.000000 86.500000 0.000000 86.500000 7464.9599999827 86.400000 7464.9599999827
86.500000 0.000000 86.600000 0.000000 86.600000 7482.2499999827 86.500000 7482.2499999827
86.600000 0.000000 86.700000 0.000000 86.700000 7499.5599999826 86.600000 7499.5599999826
86.700000 0.000000 86.800000 0.000000 86.800000 7516.8899999826 86.700000 7516.8899999826
86.800000 0.000000 86.900000 0.000000 86.900000 7534.2399999826 86.800000 7534.2399999826
86.900000 0.000000 87.000000 0.000000 87.000000 7551.6099999826 86.900000 7551.6099999826
87.000000 0.000000 87.100000 0.000000 87.100000 7568.9999999826 87.000000 7568.9999999826
87.100000 0.000000 87.200000 0.000000 87.200000 7586.4099999825 87.100000 7586.4099999825
87.200000 0.000000 87.300000 0.000000 87.300000 7603.8399999825 87.200000 7603.8399999825
87.300000 0.000000 87.400000 0.000000 87.400000 7621.2899999825 87.300000 7621.2899999825
87.400000 0.000000 87.500000 0.000000 87.500000 7638.7599999825 87.400000 7638.7599999825
87.500000 0.000000 87.600000 0.000000 87.600000 7656.2499999825 87.500000 7656.2499999825
87.600000 0.000000 87.700000 0.000000 87.700000 7673.7599999824 87.600000 7673.7599999824
87.700000 0.000000 87.800000 0.000000 87.800000 7691.2899999824 87.700000 7691.2899999824
87.800000 0.000000 87.900000 0.000000 87.900000 7708.8399999824 87.800000 7708.8399999824
87.900000 0.000000 88.000000 0.000000 88.000000 7726.4099999824 87.900000 7726.4099999824
88.000000 0.000000 88.100000 0.000000 88.100000 7743.9999999824 88.000000 7743.9999999824
88.100000 0.000000 88.200000 0.000000 88.200000 7761.6099999823 88.100000 7761.6099999823
88.200000 0.000000 88.300000 0.000000 88.300000 7779.2399999823 88.200000 7779.2399999823
88.300000 0.000000 88.400000 0.000000 88.400000 7796.8899999823 88.300000 7796.8899999823
88.400000 0.000000 88.500000 0.000000 88.500000 7814.5599999823 88.400000 7814.5599999823
88.500000 0.000000 88.600000 0.000000 88.600000 7832.2499999823 88.500000 7832.2499999823
88.600000 0.000000 88.700000 0.000000 88.700000 7849.9599999822 88.600000 7849.9599999822
88.700000 0.000000 88.800000 0.000000 88.800000 7867.6899999822 88.700000 7867.6899999822
88.800000 0.000000 88.900000 0.000000 88.900000 7885.4399999822 88.800000 7885.4399999822
88.900000 0.000000 89.000000 0.000000 89.000000 7903.2099999822 88.900000 7903.2099999822
89.000000 0.000000 89.100000 0.000000 89.100000 7920.9999999822 89.000000 7920.9999999822
89.100000 0.000000 89.200000 0.000000 89.200000 7938.8099999821 89.100000 7938.8099999821
89.200000 0.000000 89.300000 0.000000 89.300000 7956.6399999821 89.200000 7956.6399999821
89.300000 0.000000 89.400000 0.000000 89.400000 7974.4899999821 89.300000 7974.4899999821
89.400000 0.000000 89.500000 0.000000 89.500000 7992.3599999821 89.400000 7992.3599999821
89.500000 0.000000 89.600000 0.000000 89.600000 8010.2499999821 89.500000 8010.2499999821
89.600000 0.000000 89.700000 0.000000 89.700000 8028.1599999820 89.600000 8028.1599999820
89.700000 0.000000 89.800000 0.000000 89.800000 8046.0899999820 89.700000 8046.0899999820
89.800000 0.000000 89.900000 0.000000 89.900000 8064.0399999820 89.800000 8064.0399999820
89.900000 0.000000 90.000000 0.000000 90.000000 8082.0099999820 89.900000 8082.0099999820
90.000000 0.000000 90.100000 0.000000 90.100000 8099.9999999820 90.000000 8099.9999999820
90.100000 0.000000 90.200000 0.000000 90.200000 8118.0099999819 90.100000 8118.0099999819
90.200000 0.000000 90.300000 0.000000 90.300000 8136.0399999819 90.200000 8136.0399999819
90.300000 0.000000 90.400000 0.000000 90.400000 8154.0899999819 90.300000 8154.0899999819
90.400000 0.000000 90.500000 0.000000 90.500000 8172.1599999819 90.400000 8172.1599999819
90.500000 0.000000 90.600000 0.000000 90.600000 8190.2499999819 90.500000 8190.2499999819
90.600000 0.000000 90.700000 0.000000 90.700000 8208.3599999818 90.600000 8208.3599999818
90.700000 0.000000 90.800000 0.000000 90.800000 8226.4899999818 90.700000 8226.4899999818
90.800000 0.000000 90.900000 0.000000 90.900000 8244.6399999818 90.800000 8244.6399999818
90.900000 0.000000 91.000000 0.000000 91.000000 8262.8099999818 90.900000 8262.8099999818
91.000000 0.000000 91.100000 0.000000 91.100000 8280.9999999818 91.000000 8280.9999999818
91.100000 0.000000 91.200000 0.000000 91.200000 8299.2099999817 91.100000 8299.2099999817
91.200000 0.000000 91.300000 0.000000 91.300000 8317.4399999817 91.200000 8317.4399999817
91.300000 0.000000 91.400000 0.000000 91.400000 8335.6899999817 91.300000 8335.6899999817
91.400000 0.000000 91.500000 0.000000 91.500000 8353.9599999817 91.400000 8353.9599999817
91.500000 0.000000 91.600000 0.000000 91.600000 8372.2499999817 91.500000 8372.2499999817
91.600000 0.000000 91.700000 0.000000 91.700000 8390.5599999816 91.600000 8390.5599999816
91.700000 0.000000 91.800000 0.000000 91.800000 8408.8899999816 91.700000 8408.8899999816
91.800000 0.000000 91.900000 0.000000 91.900000 8427.2399999816 91.800000 8427.2399999816
91.900000 0.000000 92.000000 0.000000 92.000000 8445.6099999816 91.900000 8445.6099999816
92.000000 0.000000 92.100000 0.000000 92.100000 8463.9999999816 92.000000 8463.9999999816
92.100000 0.000000 92.200000 0.000000 92.200000 8482.4099999815 92.100000 8482.4099999815
92.200000 0.000000 92.300000 0.000000 92.300000 8500.8399999815 92.200000 8500.8399999815
92.300000 0.000000 92.400000 0.000000 92.400000 8519.2899999815 92.300000 8519.2899999815
92.400000 0.000000 92.500000 0.000000 92.500000 8537.7599999815 92.400000 8537.7599999815
92.500000 0.000000 92.600000 0.000000 92.600000 8556.2499999815 92.500000 8556.2499999815
92.600000 0.000000 92.700000 0.000000 92.700000 8574.7599999814 92.600000 8574.7599999814
92.700000 0.000000 92.800000 0.000000 92.800000 8593.2899999814 92.700000 8593.2899999814
92.800000 0.000000 92.900000 0.000000 92.900000 8611.8399999814 92.800000 8611.8399999814
92.900000 0.000000 93.000000 0.000000 93.000000 8630.4099999814 92.900000 8630.4099999814
93.000000 0.000000 93.100000 0.000000 93.100000 8648.9999999814 93.000000 8648.9999999814
93.100000 0.000000 93.200000 0.000000 93.200000 8667.6099999813 93.100000 8667.6099999813
93.200000 0.000000 93.300000 0.000000 93.300000 8686.2399999813 93.200000 8686.2399999813
93.300000 0.000000 93.400000 0.000000 93.400000 8704.8899999813 93.300000 8704.8899999813
93.400000 0.000000 93.500000 0.000000 93.500000 8723.5599999813 93.400000 8723.5599999813
93.500000 0.000000 93.600000 0.000000 93.600000 8742.2499999813 93.500000 8742.2499999813
93.600000 0.000000 93.700000 0.000000 93.700000 8760.9599999812 93.600000 8760.9599999812
93.700000 0.000000 93.800000 0.000000 93.800000 8779.6899999812 93.700000 8779.6899999812
93.800000 0.000000 93.900000 0.000000 93.900000 8798.4399999812 93.800000 8798.4399999812
93.900000 0.000000 94.000000 0.000000 94.000000 8817.2099999812 93.900000 8817.2099999812
94.000000 0.000000 94.100000 0.000000 94.100000 8835.9999999812 94.000000 8835.9999999812
94.100000 0.000000 94.200000 0.000000 94.200000 8854.8099999811 94.100000 8854.8099999811
94.200000 0.000000 94.300000 0.000000 94.300000 8873.6399999811 94.200000 8873.6399999811
94.300000 0.000000 94.400000 0.000000 94.400000 8892.4899999811 94.300000 8892.4899999811
94.400000 0.000000 94.500000 0.000000 94.500000 8911.3599999811 94.400000 8911.3599999811
94.500000 0.000000 94.600000 0.000000 94.600000 8930.2499999811 94.500000 8930.2499999811
94.600000 0.000000 94.700000 0.000000 94.700000 8949.1599999810 94.600000 8949.1599999810
94.700000 0.000000 94.800000 0.000000 94.800000 8968.0899999810 94.700000 8968.0899999810
94.800000 0.000000 94.900000 0.000000 94.900000 8987.0399999810 94.800000 8987.0399999810
94.900000 0.000000 95.000000 0.000000 95.000000 9006.0099999810 94.900000 9006.0099999810
95.000000 0.000000 95.100000 0.000000 95.100000 9024.9999999810 95.000000 9024.9999999810
95.100000 0.000000 95.200000 0.000000 95.200000 9044.0099999809 95.100000 9044.0099999809
95.200000 0.000000 95.300000 0.000000 95.300000 9063.0399999809 95.200000 9063.0399999809
95.300000 0.000000 95.400000 0.000000 95.400000 9082.0899999809 95.300000 9082.0899999809
95.400000 0.000000 95.500000 0.000000 95.500000 9101.1599999809 95.400000 9101.1599999809
95.500000 0.000000 95.600000 0.000000 95.600000 9120.2499999809 95.500000 9120.2499999809
95.600000 0.000000 95.700000 0.000000 95.700000 9139.3599999808 95.600000 9139.3599999808
95.700000 0.000000 95.800000 0.000000 95.800000 9158.4899999808 95.700000 9158.4899999808
95.800000 0.000000 95.900000 0.000000 95.900000 9177.6399999808 95.800000 9177.6399999808
95.900000 0.000000 96.000000 0.000000 96.000000 9196.8099999808 95.900000 9196.8099999808
96.000000 0.000000 96.100000 0.000000 96.100000 9215.9999999808 96.000000 9215.9999999808
96.100000 0.000000 96.200000 0.000000 96.200000 9235.2099999807 96.100000 9235.2099999807
96.200000 0.000000 96.300000 0.000000 96.300000 9254.4399999807 96.200000 9254.4399999807
96.300000 0.000000 96.400000 0.000000 96.400000 9273.6899999807 96.300000 9273.6899999807
96.400000 0.000000 96.500000 0.000000 96.500000 9292.9599999807 96.400000 9292.9599999807
96.500000 0.000000 96.600000 0.000000 96.600000 9312.2499999807 96.500000 9312.2499999807
96.600000 0.000000 96.700000 0.000000 96.700000 9331.5599999806 96.600000 9331.5599999806
96.700000 0.000000 96.800000 0.000000 96.800000 9350.8899999806 96.700000 9350.8899999806
96.800000 0.000000 96.900000 0.000000 96.900000 9370.2399999806 96.800000 9370.2399999806
96.900000 0.000000 97.000000 0.000000 97.000000 9389.6099999806 96.900000 9389.6099999806
97.000000 0.000000 97.100000 0.000000 97.100000 9408.9999999806 97.000000 9408.9999999806
97.100000 0.000000 97.200000 0.000000 97.200000 9428.4099999805 97.100000 9428.4099999805
97.200000 0.000000 97.300000 0.000000 97.300000 9447.8399999805 97.200000 9447.8399999805
97.300000 0.000000 97.400000 0.000000 97.400000 9467.2899999805 97.300000 9467.2899999805
97.400000 0.000000 97.500000 0.000000 97.500000 9486.7599999805 97.400000 9486.7599999805
97.500000 0.000000 97.600000 0.000000 97.600000 9506.2499999805 97.500000 9506.2499999805
97.600000 0.000000 97.700000 0.000000 97.700000 9525.7599999804 97.600000 9525.7599999804
97.700000 0.000000 97.800000 0.000000 97.800000 9545.2899999804 97.700000 9545.2899999804
97.800000 0.000000 97.900000 0.000000 97.900000 9564.8399999804 97.800000 9564.8399999804
97.900000 0.000000 98.000000 0.000000 98.000000 9584.4099999804 97.900000 9584.4099999804
98.000000 0.000000 98.100000 0.000000 98.100000 9603.9999999804 98.000000 9603.9999999804
98.100000 0.000000 98.200000 0.000000 98.200000 9623.6099999803 98.100000 9623.6099999803
98.200000 0.000000 98.300000 0.000000 98.300000 9643.2399999803 98.200000 9643.2399999803
98.300000 0.000000 98.400000 0.000000 98.400000 9662.8899999803 98.300000 9662.8899999803
98.400000 0.000000 98.500000 0.000000 98.500000 9682.5599999803 98.400000 9682.5599999803
98.500000 0.000000 98.600000 0.000000 98.600000 9702.2499999803 98.500000 9702.2499999803
98.600000 0.000000 98.700000 0.000000 98.700000 9721.9599999802 98.600000 9721.9599999802
98.700000 0.000000 98.800000 0.000000 98.800000 9741.6899999802 98.700000 9741.6899999802
98.800000 0.000000 98.900000 0.000000 98.900000 9761.4399999802 98.800000 9761.4399999802
98.900000 0.000000 99.000000 0.000000 99.000000 9781.2099999802 98.900000 9781.2099999802
99.000000 0.000000 99.100000 0.000000 99.100000 9800.9999999802 99.000000 9800.9999999802
99.100000 0.000000 99.200000 0.000000 99.200000 9820.8099999801 99.100000 9820.8099999801
99.200000 0.000000 99.300000 0.000000 99.300000 9840.6399999801 99.200000 9840.6399999801
99.300000 0.000000 99.400000 0.000000 99.400000 9860.4899999801 99.300000 9860.4899999801
99.400000 0.000000 99.500000 0.000000 99.500000 9880.3599999801 99.400000 9880.3599999801
99.500000 0.000000 99.600000 0.000000 99.600000 9900.2499999801 99.500000 9900.2499999801
99.600000 0.000000 99.700000 0.000000 99.700000 9920.1599999800 99.600000 9920.1599999800
99.700000 0.000000 99.800000 0.000000 99.800000 9940.0899999800 99.700000 9940.0899999800
99.800000 0.000000 99.900000 0.000000 99.900000 9960.0399999800 99.800000 9960.0399999800
99.900000 0.000000 100.000000 0.000000 100.000000 9980.0099999800 99.900000 9980.0099999800
